{
 "cells": [
  {
   "cell_type": "markdown",
   "metadata": {},
   "source": [
    "# Summary\n",
    "- mincorr and minlinreg are similar. maxcorr and maxlinreg are similar. \n",
    "- spearman among different layers is lower (even goes negative) in lower layers for:\n",
    "    - bert_large\n",
    "    - openai\n",
    "    - bert_base\n",
    "  \n",
    "  but not true for elmo or calypso\n",
    "- intermediate layers appear most similar to the next and previous layer of the same model\n",
    "- lower layers (eg. in bert) are more correlated with lower layers in other models"
   ]
  },
  {
   "cell_type": "code",
   "execution_count": 1,
   "metadata": {},
   "outputs": [],
   "source": [
    "import json\n",
    "import matplotlib.pyplot as plt\n",
    "import numpy as np\n",
    "import pandas as pd\n",
    "from os.path import basename, dirname\n",
    "import torch"
   ]
  },
  {
   "cell_type": "code",
   "execution_count": 2,
   "metadata": {},
   "outputs": [],
   "source": [
    "# Set `res_d`, `network_l`, `num_neurons_d`\n",
    "base = \"/data/sls/temp/johnmwu/contextual-corr-analysis/results7_\"\n",
    "res_fname = {method : base + method for method in \n",
    "                {\"maxcorr\", \"mincorr\", \"maxlinreg\", \"minlinreg\", \"cca\", \"lincka\"}}\n",
    "\n",
    "res_d = {}\n",
    "res_d[\"maxcorr\"] = json.load(open(res_fname[\"maxcorr\"], \"r\"))\n",
    "res_d[\"mincorr\"] = json.load(open(res_fname[\"mincorr\"], \"r\"))\n",
    "res_d[\"maxlinreg\"] = json.load(open(res_fname[\"maxlinreg\"], \"r\"))\n",
    "res_d[\"minlinreg\"] = json.load(open(res_fname[\"minlinreg\"], \"r\"))\n",
    "\n",
    "network_l = [network for network in res_d[\"maxcorr\"]]\n",
    "\n",
    "num_neurons_d = {}\n",
    "for network in network_l:\n",
    "    num_neurons_d[network] = len(res_d[\"maxcorr\"][network])"
   ]
  },
  {
   "cell_type": "markdown",
   "metadata": {},
   "source": [
    "# MaxCorr, MinCorr, MaxLinReg, MinLinReg"
   ]
  },
  {
   "cell_type": "markdown",
   "metadata": {},
   "source": [
    "### Sorts"
   ]
  },
  {
   "cell_type": "code",
   "execution_count": 3,
   "metadata": {},
   "outputs": [],
   "source": [
    "rk_methods = {\"maxcorr\", \"mincorr\", \"maxlinreg\", \"minlinreg\"}"
   ]
  },
  {
   "cell_type": "code",
   "execution_count": 4,
   "metadata": {},
   "outputs": [],
   "source": [
    "neuron_sorts = {network: {} for network in network_l}\n",
    "for network in network_l:\n",
    "    for method in rk_methods:\n",
    "        neuron_sorts[network][method] = [neuron[0] for neuron in res_d[method][network]]"
   ]
  },
  {
   "cell_type": "code",
   "execution_count": 5,
   "metadata": {},
   "outputs": [],
   "source": [
    "# Set `rk_ar_d`, `rk_df_d`, `spearman_d`\n",
    "rk_ar_d = {}\n",
    "rk_df_d = {}\n",
    "spearman_d = {}\n",
    "for network in network_l:\n",
    "    # rk_ar[method_ix, neuron] = rank\n",
    "    # need to invert the permutation\n",
    "    rk_ar = np.stack([\n",
    "            [neuron_sorts[network][method].index(neuron) for neuron in range(len(neuron_sorts[network][method]))]\n",
    "                      for method in rk_methods\n",
    "    ]).T\n",
    "    rk_df = pd.DataFrame(rk_ar, columns=list(rk_methods))\n",
    "    \n",
    "    rk_ar_d[network] = rk_ar\n",
    "    rk_df_d[network] = rk_df\n",
    "    spearman_d[network] = rk_df.corr()"
   ]
  },
  {
   "cell_type": "code",
   "execution_count": 6,
   "metadata": {},
   "outputs": [
    {
     "name": "stdout",
     "output_type": "stream",
     "text": [
      "bert_large_cased_0\n",
      "            maxcorr  maxlinreg  minlinreg   mincorr\n",
      "maxcorr    1.000000   0.648555  -0.177012 -0.217173\n",
      "maxlinreg  0.648555   1.000000   0.281875  0.246626\n",
      "minlinreg -0.177012   0.281875   1.000000  0.812337\n",
      "mincorr   -0.217173   0.246626   0.812337  1.000000\n",
      "bert_large_cased_1\n",
      "            maxcorr  maxlinreg  minlinreg   mincorr\n",
      "maxcorr    1.000000   0.966645   0.253680  0.049593\n",
      "maxlinreg  0.966645   1.000000   0.314057  0.107344\n",
      "minlinreg  0.253680   0.314057   1.000000  0.695416\n",
      "mincorr    0.049593   0.107344   0.695416  1.000000\n",
      "bert_large_cased_2\n",
      "            maxcorr  maxlinreg  minlinreg   mincorr\n",
      "maxcorr    1.000000   0.977872   0.468780  0.183748\n",
      "maxlinreg  0.977872   1.000000   0.482464  0.196051\n",
      "minlinreg  0.468780   0.482464   1.000000  0.727491\n",
      "mincorr    0.183748   0.196051   0.727491  1.000000\n",
      "bert_large_cased_3\n",
      "            maxcorr  maxlinreg  minlinreg   mincorr\n",
      "maxcorr    1.000000   0.980595   0.373058  0.119859\n",
      "maxlinreg  0.980595   1.000000   0.399669  0.140929\n",
      "minlinreg  0.373058   0.399669   1.000000  0.772504\n",
      "mincorr    0.119859   0.140929   0.772504  1.000000\n",
      "bert_large_cased_4\n",
      "            maxcorr  maxlinreg  minlinreg   mincorr\n",
      "maxcorr    1.000000   0.992002   0.413277  0.136602\n",
      "maxlinreg  0.992002   1.000000   0.439943  0.163068\n",
      "minlinreg  0.413277   0.439943   1.000000  0.755454\n",
      "mincorr    0.136602   0.163068   0.755454  1.000000\n",
      "bert_large_cased_5\n",
      "            maxcorr  maxlinreg  minlinreg   mincorr\n",
      "maxcorr    1.000000   0.993976   0.504038  0.220026\n",
      "maxlinreg  0.993976   1.000000   0.521146  0.232011\n",
      "minlinreg  0.504038   0.521146   1.000000  0.738890\n",
      "mincorr    0.220026   0.232011   0.738890  1.000000\n",
      "bert_large_cased_6\n",
      "            maxcorr  maxlinreg  minlinreg   mincorr\n",
      "maxcorr    1.000000   0.994861   0.548818  0.292887\n",
      "maxlinreg  0.994861   1.000000   0.565392  0.309308\n",
      "minlinreg  0.548818   0.565392   1.000000  0.751996\n",
      "mincorr    0.292887   0.309308   0.751996  1.000000\n",
      "bert_large_cased_7\n",
      "            maxcorr  maxlinreg  minlinreg   mincorr\n",
      "maxcorr    1.000000   0.992130   0.560813  0.296135\n",
      "maxlinreg  0.992130   1.000000   0.581239  0.314552\n",
      "minlinreg  0.560813   0.581239   1.000000  0.764863\n",
      "mincorr    0.296135   0.314552   0.764863  1.000000\n",
      "bert_large_cased_8\n",
      "            maxcorr  maxlinreg  minlinreg   mincorr\n",
      "maxcorr    1.000000   0.994159   0.598799  0.359880\n",
      "maxlinreg  0.994159   1.000000   0.611440  0.372438\n",
      "minlinreg  0.598799   0.611440   1.000000  0.780255\n",
      "mincorr    0.359880   0.372438   0.780255  1.000000\n",
      "bert_large_cased_9\n",
      "            maxcorr  maxlinreg  minlinreg   mincorr\n",
      "maxcorr    1.000000   0.995790   0.601654  0.381682\n",
      "maxlinreg  0.995790   1.000000   0.617734  0.397162\n",
      "minlinreg  0.601654   0.617734   1.000000  0.792055\n",
      "mincorr    0.381682   0.397162   0.792055  1.000000\n",
      "bert_large_cased_10\n",
      "            maxcorr  maxlinreg  minlinreg   mincorr\n",
      "maxcorr    1.000000   0.995034   0.616899  0.366369\n",
      "maxlinreg  0.995034   1.000000   0.636275  0.384043\n",
      "minlinreg  0.616899   0.636275   1.000000  0.788802\n",
      "mincorr    0.366369   0.384043   0.788802  1.000000\n",
      "bert_large_cased_11\n",
      "            maxcorr  maxlinreg  minlinreg   mincorr\n",
      "maxcorr    1.000000   0.992977   0.660437  0.411162\n",
      "maxlinreg  0.992977   1.000000   0.681240  0.428941\n",
      "minlinreg  0.660437   0.681240   1.000000  0.800773\n",
      "mincorr    0.411162   0.428941   0.800773  1.000000\n",
      "bert_large_cased_12\n",
      "            maxcorr  maxlinreg  minlinreg   mincorr\n",
      "maxcorr    1.000000   0.993599   0.717107  0.451044\n",
      "maxlinreg  0.993599   1.000000   0.734737  0.472058\n",
      "minlinreg  0.717107   0.734737   1.000000  0.801290\n",
      "mincorr    0.451044   0.472058   0.801290  1.000000\n",
      "bert_large_cased_13\n",
      "            maxcorr  maxlinreg  minlinreg   mincorr\n",
      "maxcorr    1.000000   0.994309   0.811692  0.514068\n",
      "maxlinreg  0.994309   1.000000   0.825314  0.529544\n",
      "minlinreg  0.811692   0.825314   1.000000  0.793094\n",
      "mincorr    0.514068   0.529544   0.793094  1.000000\n",
      "bert_large_cased_14\n",
      "            maxcorr  maxlinreg  minlinreg   mincorr\n",
      "maxcorr    1.000000   0.993226   0.857674  0.537205\n",
      "maxlinreg  0.993226   1.000000   0.869881  0.559662\n",
      "minlinreg  0.857674   0.869881   1.000000  0.782113\n",
      "mincorr    0.537205   0.559662   0.782113  1.000000\n",
      "bert_large_cased_15\n",
      "            maxcorr  maxlinreg  minlinreg   mincorr\n",
      "maxcorr    1.000000   0.996460   0.867951  0.576603\n",
      "maxlinreg  0.996460   1.000000   0.875189  0.585491\n",
      "minlinreg  0.867951   0.875189   1.000000  0.789617\n",
      "mincorr    0.576603   0.585491   0.789617  1.000000\n",
      "bert_large_cased_16\n",
      "            maxcorr  maxlinreg  minlinreg   mincorr\n",
      "maxcorr    1.000000   0.991677   0.848639  0.545929\n",
      "maxlinreg  0.991677   1.000000   0.863573  0.570127\n",
      "minlinreg  0.848639   0.863573   1.000000  0.788639\n",
      "mincorr    0.545929   0.570127   0.788639  1.000000\n",
      "bert_large_cased_17\n",
      "            maxcorr  maxlinreg  minlinreg   mincorr\n",
      "maxcorr    1.000000   0.990577   0.842317  0.532714\n",
      "maxlinreg  0.990577   1.000000   0.860252  0.559418\n",
      "minlinreg  0.842317   0.860252   1.000000  0.780641\n",
      "mincorr    0.532714   0.559418   0.780641  1.000000\n",
      "bert_large_cased_18\n",
      "            maxcorr  maxlinreg  minlinreg   mincorr\n",
      "maxcorr    1.000000   0.990434   0.836008  0.554668\n",
      "maxlinreg  0.990434   1.000000   0.844112  0.563824\n",
      "minlinreg  0.836008   0.844112   1.000000  0.791793\n",
      "mincorr    0.554668   0.563824   0.791793  1.000000\n",
      "bert_large_cased_19\n",
      "            maxcorr  maxlinreg  minlinreg   mincorr\n",
      "maxcorr    1.000000   0.979198   0.802151  0.506332\n",
      "maxlinreg  0.979198   1.000000   0.821919  0.532003\n",
      "minlinreg  0.802151   0.821919   1.000000  0.782847\n",
      "mincorr    0.506332   0.532003   0.782847  1.000000\n",
      "bert_large_cased_20\n",
      "            maxcorr  maxlinreg  minlinreg   mincorr\n",
      "maxcorr    1.000000   0.967041   0.737757  0.451687\n",
      "maxlinreg  0.967041   1.000000   0.783689  0.498751\n",
      "minlinreg  0.737757   0.783689   1.000000  0.784623\n",
      "mincorr    0.451687   0.498751   0.784623  1.000000\n",
      "bert_large_cased_21\n",
      "            maxcorr  maxlinreg  minlinreg   mincorr\n",
      "maxcorr    1.000000   0.935762   0.698861  0.435412\n",
      "maxlinreg  0.935762   1.000000   0.763534  0.499353\n",
      "minlinreg  0.698861   0.763534   1.000000  0.788740\n",
      "mincorr    0.435412   0.499353   0.788740  1.000000\n",
      "bert_large_cased_22\n",
      "            maxcorr  maxlinreg  minlinreg   mincorr\n",
      "maxcorr    1.000000   0.926068   0.679573  0.429724\n",
      "maxlinreg  0.926068   1.000000   0.750284  0.507125\n",
      "minlinreg  0.679573   0.750284   1.000000  0.801256\n",
      "mincorr    0.429724   0.507125   0.801256  1.000000\n",
      "bert_large_cased_23\n",
      "            maxcorr  maxlinreg  minlinreg   mincorr\n",
      "maxcorr    1.000000   0.799492   0.557281  0.329226\n",
      "maxlinreg  0.799492   1.000000   0.753756  0.530192\n",
      "minlinreg  0.557281   0.753756   1.000000  0.811451\n",
      "mincorr    0.329226   0.530192   0.811451  1.000000\n",
      "bert_large_cased_24\n",
      "            maxcorr  maxlinreg  minlinreg   mincorr\n",
      "maxcorr    1.000000   0.176588  -0.055737 -0.198118\n",
      "maxlinreg  0.176588   1.000000   0.723868  0.580029\n",
      "minlinreg -0.055737   0.723868   1.000000  0.849731\n",
      "mincorr   -0.198118   0.580029   0.849731  1.000000\n",
      "openai_transformer_0\n",
      "            maxcorr  maxlinreg  minlinreg   mincorr\n",
      "maxcorr    1.000000   0.691360  -0.123123 -0.200861\n",
      "maxlinreg  0.691360   1.000000   0.291181  0.199620\n",
      "minlinreg -0.123123   0.291181   1.000000  0.814785\n",
      "mincorr   -0.200861   0.199620   0.814785  1.000000\n",
      "openai_transformer_1\n",
      "            maxcorr  maxlinreg  minlinreg   mincorr\n",
      "maxcorr    1.000000   0.927198   0.188387  0.065551\n",
      "maxlinreg  0.927198   1.000000   0.352238  0.223769\n",
      "minlinreg  0.188387   0.352238   1.000000  0.834256\n",
      "mincorr    0.065551   0.223769   0.834256  1.000000\n",
      "openai_transformer_2\n",
      "            maxcorr  maxlinreg  minlinreg   mincorr\n",
      "maxcorr    1.000000   0.983548   0.669405  0.396397\n",
      "maxlinreg  0.983548   1.000000   0.707973  0.438930\n",
      "minlinreg  0.669405   0.707973   1.000000  0.777101\n",
      "mincorr    0.396397   0.438930   0.777101  1.000000\n",
      "openai_transformer_3\n",
      "            maxcorr  maxlinreg  minlinreg   mincorr\n",
      "maxcorr    1.000000   0.993427   0.813586  0.592812\n",
      "maxlinreg  0.993427   1.000000   0.834184  0.615700\n",
      "minlinreg  0.813586   0.834184   1.000000  0.826018\n",
      "mincorr    0.592812   0.615700   0.826018  1.000000\n",
      "openai_transformer_4\n",
      "            maxcorr  maxlinreg  minlinreg   mincorr\n",
      "maxcorr    1.000000   0.997082   0.893991  0.719005\n",
      "maxlinreg  0.997082   1.000000   0.904064  0.730441\n",
      "minlinreg  0.893991   0.904064   1.000000  0.872314\n",
      "mincorr    0.719005   0.730441   0.872314  1.000000\n",
      "openai_transformer_5\n",
      "            maxcorr  maxlinreg  minlinreg   mincorr\n",
      "maxcorr    1.000000   0.997602   0.934371  0.757567\n",
      "maxlinreg  0.997602   1.000000   0.937301  0.765727\n",
      "minlinreg  0.934371   0.937301   1.000000  0.861228\n",
      "mincorr    0.757567   0.765727   0.861228  1.000000\n",
      "openai_transformer_6\n",
      "            maxcorr  maxlinreg  minlinreg   mincorr\n",
      "maxcorr    1.000000   0.996285   0.951450  0.784928\n",
      "maxlinreg  0.996285   1.000000   0.955894  0.800313\n",
      "minlinreg  0.951450   0.955894   1.000000  0.871888\n",
      "mincorr    0.784928   0.800313   0.871888  1.000000\n",
      "openai_transformer_7\n",
      "            maxcorr  maxlinreg  minlinreg   mincorr\n",
      "maxcorr    1.000000   0.994646   0.940030  0.739275\n",
      "maxlinreg  0.994646   1.000000   0.950199  0.752778\n",
      "minlinreg  0.940030   0.950199   1.000000  0.853602\n",
      "mincorr    0.739275   0.752778   0.853602  1.000000\n",
      "openai_transformer_8\n",
      "            maxcorr  maxlinreg  minlinreg   mincorr\n",
      "maxcorr    1.000000   0.996678   0.935719  0.722648\n",
      "maxlinreg  0.996678   1.000000   0.940443  0.734446\n",
      "minlinreg  0.935719   0.940443   1.000000  0.842286\n",
      "mincorr    0.722648   0.734446   0.842286  1.000000\n",
      "openai_transformer_9\n",
      "            maxcorr  maxlinreg  minlinreg   mincorr\n",
      "maxcorr    1.000000   0.994543   0.916816  0.698712\n",
      "maxlinreg  0.994543   1.000000   0.925109  0.713369\n",
      "minlinreg  0.916816   0.925109   1.000000  0.835158\n",
      "mincorr    0.698712   0.713369   0.835158  1.000000\n",
      "openai_transformer_10\n",
      "            maxcorr  maxlinreg  minlinreg   mincorr\n",
      "maxcorr    1.000000   0.988137   0.863067  0.619155\n",
      "maxlinreg  0.988137   1.000000   0.880992  0.649259\n",
      "minlinreg  0.863067   0.880992   1.000000  0.817063\n",
      "mincorr    0.619155   0.649259   0.817063  1.000000\n",
      "openai_transformer_11\n",
      "            maxcorr  maxlinreg  minlinreg   mincorr\n",
      "maxcorr    1.000000   0.949708   0.765808  0.549029\n",
      "maxlinreg  0.949708   1.000000   0.817947  0.619864\n",
      "minlinreg  0.765808   0.817947   1.000000  0.805869\n",
      "mincorr    0.549029   0.619864   0.805869  1.000000\n",
      "openai_transformer_12\n",
      "            maxcorr  maxlinreg  minlinreg   mincorr\n",
      "maxcorr    1.000000   0.739767   0.341018  0.239299\n",
      "maxlinreg  0.739767   1.000000   0.647895  0.520799\n",
      "minlinreg  0.341018   0.647895   1.000000  0.824870\n",
      "mincorr    0.239299   0.520799   0.824870  1.000000\n",
      "bert_base_cased_0\n",
      "            maxcorr  maxlinreg  minlinreg   mincorr\n",
      "maxcorr    1.000000   0.484379  -0.044711 -0.224886\n",
      "maxlinreg  0.484379   1.000000   0.292657  0.226549\n",
      "minlinreg -0.044711   0.292657   1.000000  0.702247\n",
      "mincorr   -0.224886   0.226549   0.702247  1.000000\n",
      "bert_base_cased_1\n",
      "            maxcorr  maxlinreg  minlinreg   mincorr\n",
      "maxcorr    1.000000   0.892146   0.319036  0.120374\n",
      "maxlinreg  0.892146   1.000000   0.422686  0.216881\n",
      "minlinreg  0.319036   0.422686   1.000000  0.716473\n",
      "mincorr    0.120374   0.216881   0.716473  1.000000\n",
      "bert_base_cased_2\n",
      "            maxcorr  maxlinreg  minlinreg   mincorr\n",
      "maxcorr    1.000000   0.973123   0.439193  0.227559\n",
      "maxlinreg  0.973123   1.000000   0.502548  0.276872\n",
      "minlinreg  0.439193   0.502548   1.000000  0.732120\n",
      "mincorr    0.227559   0.276872   0.732120  1.000000\n",
      "bert_base_cased_3\n",
      "            maxcorr  maxlinreg  minlinreg   mincorr\n",
      "maxcorr    1.000000   0.983998   0.527121  0.296541\n",
      "maxlinreg  0.983998   1.000000   0.550489  0.316243\n",
      "minlinreg  0.527121   0.550489   1.000000  0.725200\n",
      "mincorr    0.296541   0.316243   0.725200  1.000000\n",
      "bert_base_cased_4\n",
      "            maxcorr  maxlinreg  minlinreg   mincorr\n",
      "maxcorr    1.000000   0.982134   0.558419  0.344558\n",
      "maxlinreg  0.982134   1.000000   0.571004  0.358879\n",
      "minlinreg  0.558419   0.571004   1.000000  0.751701\n",
      "mincorr    0.344558   0.358879   0.751701  1.000000\n",
      "bert_base_cased_5\n",
      "            maxcorr  maxlinreg  minlinreg   mincorr\n",
      "maxcorr    1.000000   0.983439   0.610376  0.427192\n",
      "maxlinreg  0.983439   1.000000   0.627532  0.442837\n",
      "minlinreg  0.610376   0.627532   1.000000  0.769265\n",
      "mincorr    0.427192   0.442837   0.769265  1.000000\n",
      "bert_base_cased_6\n",
      "            maxcorr  maxlinreg  minlinreg   mincorr\n",
      "maxcorr    1.000000   0.981771   0.686897  0.481462\n",
      "maxlinreg  0.981771   1.000000   0.713925  0.514920\n",
      "minlinreg  0.686897   0.713925   1.000000  0.772195\n",
      "mincorr    0.481462   0.514920   0.772195  1.000000\n",
      "bert_base_cased_7\n",
      "            maxcorr  maxlinreg  minlinreg   mincorr\n",
      "maxcorr    1.000000   0.979778   0.750461  0.505148\n",
      "maxlinreg  0.979778   1.000000   0.778378  0.538147\n",
      "minlinreg  0.750461   0.778378   1.000000  0.740392\n",
      "mincorr    0.505148   0.538147   0.740392  1.000000\n",
      "bert_base_cased_8\n",
      "            maxcorr  maxlinreg  minlinreg   mincorr\n",
      "maxcorr    1.000000   0.982612   0.771001  0.502455\n",
      "maxlinreg  0.982612   1.000000   0.794142  0.530852\n",
      "minlinreg  0.771001   0.794142   1.000000  0.747876\n",
      "mincorr    0.502455   0.530852   0.747876  1.000000\n",
      "bert_base_cased_9\n",
      "            maxcorr  maxlinreg  minlinreg   mincorr\n",
      "maxcorr    1.000000   0.967004   0.771543  0.492569\n",
      "maxlinreg  0.967004   1.000000   0.787982  0.518155\n",
      "minlinreg  0.771543   0.787982   1.000000  0.755787\n",
      "mincorr    0.492569   0.518155   0.755787  1.000000\n",
      "bert_base_cased_10\n",
      "            maxcorr  maxlinreg  minlinreg   mincorr\n",
      "maxcorr    1.000000   0.927180   0.720370  0.466987\n",
      "maxlinreg  0.927180   1.000000   0.774171  0.522490\n",
      "minlinreg  0.720370   0.774171   1.000000  0.762844\n",
      "mincorr    0.466987   0.522490   0.762844  1.000000\n",
      "bert_base_cased_11\n",
      "            maxcorr  maxlinreg  minlinreg   mincorr\n",
      "maxcorr    1.000000   0.890225   0.635933  0.399503\n",
      "maxlinreg  0.890225   1.000000   0.754516  0.519897\n",
      "minlinreg  0.635933   0.754516   1.000000  0.782155\n",
      "mincorr    0.399503   0.519897   0.782155  1.000000\n",
      "bert_base_cased_12\n",
      "            maxcorr  maxlinreg  minlinreg   mincorr\n",
      "maxcorr    1.000000   0.307808  -0.038389 -0.112470\n",
      "maxlinreg  0.307808   1.000000   0.698218  0.505767\n",
      "minlinreg -0.038389   0.698218   1.000000  0.800543\n",
      "mincorr   -0.112470   0.505767   0.800543  1.000000\n",
      "elmo_original_0\n",
      "            maxcorr  maxlinreg  minlinreg   mincorr\n",
      "maxcorr    1.000000   0.760423   0.817504  0.803760\n",
      "maxlinreg  0.760423   1.000000   0.913171  0.691865\n",
      "minlinreg  0.817504   0.913171   1.000000  0.800045\n",
      "mincorr    0.803760   0.691865   0.800045  1.000000\n",
      "elmo_original_1\n",
      "            maxcorr  maxlinreg  minlinreg   mincorr\n",
      "maxcorr    1.000000   0.660849   0.347543  0.411793\n",
      "maxlinreg  0.660849   1.000000   0.745153  0.763593\n",
      "minlinreg  0.347543   0.745153   1.000000  0.832148\n",
      "mincorr    0.411793   0.763593   0.832148  1.000000\n",
      "elmo_original_2\n",
      "            maxcorr  maxlinreg  minlinreg   mincorr\n",
      "maxcorr    1.000000   0.743798   0.628978  0.546313\n",
      "maxlinreg  0.743798   1.000000   0.824284  0.751558\n",
      "minlinreg  0.628978   0.824284   1.000000  0.877011\n",
      "mincorr    0.546313   0.751558   0.877011  1.000000\n",
      "calypso_transformer_6_512_base_0\n",
      "            maxcorr  maxlinreg  minlinreg   mincorr\n",
      "maxcorr    1.000000   0.822285   0.109789  0.067828\n",
      "maxlinreg  0.822285   1.000000   0.307389  0.255225\n",
      "minlinreg  0.109789   0.307389   1.000000  0.887761\n",
      "mincorr    0.067828   0.255225   0.887761  1.000000\n",
      "calypso_transformer_6_512_base_1\n",
      "            maxcorr  maxlinreg  minlinreg   mincorr\n",
      "maxcorr    1.000000   0.703021   0.475174  0.424072\n",
      "maxlinreg  0.703021   1.000000   0.649384  0.543436\n",
      "minlinreg  0.475174   0.649384   1.000000  0.822778\n",
      "mincorr    0.424072   0.543436   0.822778  1.000000\n",
      "calypso_transformer_6_512_base_2\n",
      "            maxcorr  maxlinreg  minlinreg   mincorr\n",
      "maxcorr    1.000000   0.873685   0.275126  0.365592\n",
      "maxlinreg  0.873685   1.000000   0.391356  0.471679\n",
      "minlinreg  0.275126   0.391356   1.000000  0.765526\n",
      "mincorr    0.365592   0.471679   0.765526  1.000000\n",
      "calypso_transformer_6_512_base_3\n",
      "            maxcorr  maxlinreg  minlinreg   mincorr\n",
      "maxcorr    1.000000   0.923835   0.235642  0.379650\n",
      "maxlinreg  0.923835   1.000000   0.323251  0.472159\n",
      "minlinreg  0.235642   0.323251   1.000000  0.754478\n",
      "mincorr    0.379650   0.472159   0.754478  1.000000\n",
      "calypso_transformer_6_512_base_4\n",
      "            maxcorr  maxlinreg  minlinreg   mincorr\n",
      "maxcorr    1.000000   0.896542   0.201892  0.380587\n",
      "maxlinreg  0.896542   1.000000   0.300149  0.481203\n",
      "minlinreg  0.201892   0.300149   1.000000  0.769994\n",
      "mincorr    0.380587   0.481203   0.769994  1.000000\n",
      "calypso_transformer_6_512_base_5\n",
      "            maxcorr  maxlinreg  minlinreg   mincorr\n",
      "maxcorr    1.000000   0.712187   0.239741  0.342635\n",
      "maxlinreg  0.712187   1.000000   0.271007  0.470993\n",
      "minlinreg  0.239741   0.271007   1.000000  0.780744\n",
      "mincorr    0.342635   0.470993   0.780744  1.000000\n",
      "calypso_transformer_6_512_base_6\n",
      "            maxcorr  maxlinreg  minlinreg   mincorr\n",
      "maxcorr    1.000000   0.605673   0.205115  0.248283\n",
      "maxlinreg  0.605673   1.000000   0.398211  0.598245\n",
      "minlinreg  0.205115   0.398211   1.000000  0.740396\n",
      "mincorr    0.248283   0.598245   0.740396  1.000000\n",
      "elmo_4x4096_512_0\n",
      "            maxcorr  maxlinreg  minlinreg   mincorr\n",
      "maxcorr    1.000000   0.733483   0.837013  0.796425\n",
      "maxlinreg  0.733483   1.000000   0.937205  0.636858\n",
      "minlinreg  0.837013   0.937205   1.000000  0.757408\n",
      "mincorr    0.796425   0.636858   0.757408  1.000000\n",
      "elmo_4x4096_512_1\n",
      "            maxcorr  maxlinreg  minlinreg   mincorr\n",
      "maxcorr    1.000000   0.536652   0.107261  0.267126\n",
      "maxlinreg  0.536652   1.000000   0.608247  0.719012\n",
      "minlinreg  0.107261   0.608247   1.000000  0.779575\n",
      "mincorr    0.267126   0.719012   0.779575  1.000000\n",
      "elmo_4x4096_512_2\n",
      "            maxcorr  maxlinreg  minlinreg   mincorr\n",
      "maxcorr    1.000000   0.628321   0.323292  0.421204\n",
      "maxlinreg  0.628321   1.000000   0.663851  0.704426\n",
      "minlinreg  0.323292   0.663851   1.000000  0.812875\n",
      "mincorr    0.421204   0.704426   0.812875  1.000000\n",
      "elmo_4x4096_512_3\n",
      "            maxcorr  maxlinreg  minlinreg   mincorr\n",
      "maxcorr    1.000000   0.764094   0.515420  0.482607\n",
      "maxlinreg  0.764094   1.000000   0.796562  0.715084\n",
      "minlinreg  0.515420   0.796562   1.000000  0.877598\n",
      "mincorr    0.482607   0.715084   0.877598  1.000000\n",
      "elmo_4x4096_512_4\n",
      "            maxcorr  maxlinreg  minlinreg   mincorr\n",
      "maxcorr    1.000000   0.782944   0.557949  0.484366\n",
      "maxlinreg  0.782944   1.000000   0.768030  0.707586\n",
      "minlinreg  0.557949   0.768030   1.000000  0.863733\n",
      "mincorr    0.484366   0.707586   0.863733  1.000000\n"
     ]
    }
   ],
   "source": [
    "for network in network_l:\n",
    "    print(network)\n",
    "    # print(rk_df_d[network])\n",
    "    print(spearman_d[network])"
   ]
  },
  {
   "cell_type": "markdown",
   "metadata": {},
   "source": [
    "### Distributions"
   ]
  },
  {
   "cell_type": "code",
   "execution_count": 7,
   "metadata": {},
   "outputs": [
    {
     "name": "stdout",
     "output_type": "stream",
     "text": [
      "\n",
      "\n",
      "bert_large_cased_0:\n",
      "\n",
      "maxcorr\n",
      "\n",
      "maxcounts\n",
      "bert_large_cased_1                  981\n",
      "bert_base_cased_0                    40\n",
      "calypso_transformer_6_512_base_0      2\n",
      "openai_transformer_2                  1\n",
      "dtype: int64\n",
      "\n",
      "mincounts\n",
      "elmo_4x4096_512_2                   281\n",
      "elmo_4x4096_512_3                   111\n",
      "bert_large_cased_22                  65\n",
      "bert_large_cased_21                  58\n",
      "bert_large_cased_23                  46\n",
      "bert_base_cased_10                   39\n",
      "openai_transformer_12                39\n",
      "elmo_4x4096_512_1                    37\n",
      "calypso_transformer_6_512_base_6     29\n",
      "elmo_4x4096_512_4                    29\n",
      "elmo_original_1                      25\n",
      "bert_base_cased_11                   25\n",
      "bert_large_cased_18                  23\n",
      "bert_large_cased_19                  22\n",
      "elmo_original_2                      20\n",
      "bert_base_cased_12                   17\n",
      "bert_base_cased_9                    15\n",
      "bert_large_cased_17                  12\n",
      "openai_transformer_11                11\n",
      "bert_base_cased_8                    10\n",
      "bert_large_cased_16                  10\n",
      "bert_large_cased_20                  10\n",
      "bert_large_cased_24                   9\n",
      "openai_transformer_5                  8\n",
      "bert_base_cased_6                     8\n",
      "openai_transformer_6                  8\n",
      "openai_transformer_1                  6\n",
      "bert_base_cased_2                     6\n",
      "bert_base_cased_5                     5\n",
      "openai_transformer_9                  4\n",
      "bert_large_cased_13                   4\n",
      "bert_large_cased_14                   3\n",
      "openai_transformer_10                 3\n",
      "bert_base_cased_4                     3\n",
      "bert_base_cased_7                     3\n",
      "openai_transformer_2                  3\n",
      "elmo_4x4096_512_0                     2\n",
      "bert_base_cased_1                     2\n",
      "elmo_original_0                       2\n",
      "openai_transformer_3                  1\n",
      "bert_large_cased_11                   1\n",
      "openai_transformer_0                  1\n",
      "bert_large_cased_12                   1\n",
      "calypso_transformer_6_512_base_0      1\n",
      "openai_transformer_7                  1\n",
      "bert_base_cased_3                     1\n",
      "bert_large_cased_5                    1\n",
      "bert_large_cased_15                   1\n",
      "calypso_transformer_6_512_base_4      1\n",
      "calypso_transformer_6_512_base_5      1\n",
      "dtype: int64\n",
      "\n",
      "corr_df_pctl\n",
      "          max       min       med\n",
      "max  1.000000 -0.217173 -0.188485\n",
      "min -0.217173  1.000000  0.905220\n",
      "med -0.188485  0.905220  1.000000\n",
      "\n",
      "maxlinreg\n",
      "\n",
      "maxcounts\n",
      "bert_large_cased_1    1021\n",
      "bert_base_cased_0        3\n",
      "dtype: int64\n",
      "\n",
      "mincounts\n",
      "openai_transformer_12               997\n",
      "elmo_4x4096_512_4                    10\n",
      "elmo_4x4096_512_0                    10\n",
      "calypso_transformer_6_512_base_0      6\n",
      "elmo_original_2                       1\n",
      "dtype: int64\n",
      "\n",
      "corr_df_pctl\n",
      "          max       min       med\n",
      "max  1.000000  0.281882  0.376193\n",
      "min  0.281882  1.000000  0.933293\n",
      "med  0.376193  0.933293  1.000000\n",
      "\n",
      "minlinreg\n",
      "\n",
      "maxcounts\n",
      "bert_large_cased_1    1021\n",
      "bert_base_cased_0        3\n",
      "dtype: int64\n",
      "\n",
      "mincounts\n",
      "openai_transformer_12               997\n",
      "elmo_4x4096_512_4                    10\n",
      "elmo_4x4096_512_0                    10\n",
      "calypso_transformer_6_512_base_0      6\n",
      "elmo_original_2                       1\n",
      "dtype: int64\n",
      "\n",
      "corr_df_pctl\n",
      "          max       min       med\n",
      "max  1.000000  0.281882  0.376193\n",
      "min  0.281882  1.000000  0.933293\n",
      "med  0.376193  0.933293  1.000000\n",
      "\n",
      "mincorr\n",
      "\n",
      "maxcounts\n",
      "bert_large_cased_1                  981\n",
      "bert_base_cased_0                    40\n",
      "calypso_transformer_6_512_base_0      2\n",
      "openai_transformer_2                  1\n",
      "dtype: int64\n",
      "\n",
      "mincounts\n",
      "elmo_4x4096_512_2                   281\n",
      "elmo_4x4096_512_3                   111\n",
      "bert_large_cased_22                  65\n",
      "bert_large_cased_21                  58\n",
      "bert_large_cased_23                  46\n",
      "openai_transformer_12                39\n",
      "bert_base_cased_10                   39\n",
      "elmo_4x4096_512_1                    37\n",
      "elmo_4x4096_512_4                    29\n",
      "calypso_transformer_6_512_base_6     29\n",
      "elmo_original_1                      25\n",
      "bert_base_cased_11                   25\n",
      "bert_large_cased_18                  23\n",
      "bert_large_cased_19                  22\n",
      "elmo_original_2                      20\n",
      "bert_base_cased_12                   17\n",
      "bert_base_cased_9                    15\n",
      "bert_large_cased_17                  12\n",
      "openai_transformer_11                11\n",
      "bert_large_cased_20                  10\n",
      "bert_base_cased_8                    10\n",
      "bert_large_cased_16                  10\n",
      "bert_large_cased_24                   9\n",
      "bert_base_cased_6                     8\n",
      "openai_transformer_6                  8\n",
      "openai_transformer_5                  8\n",
      "openai_transformer_1                  6\n",
      "bert_base_cased_2                     6\n",
      "bert_base_cased_5                     5\n",
      "bert_large_cased_13                   4\n",
      "openai_transformer_9                  4\n",
      "bert_base_cased_4                     3\n",
      "openai_transformer_2                  3\n",
      "bert_base_cased_7                     3\n",
      "bert_large_cased_14                   3\n",
      "openai_transformer_10                 3\n",
      "elmo_original_0                       2\n",
      "bert_base_cased_1                     2\n",
      "elmo_4x4096_512_0                     2\n",
      "openai_transformer_3                  1\n",
      "bert_large_cased_11                   1\n",
      "openai_transformer_0                  1\n",
      "openai_transformer_7                  1\n",
      "calypso_transformer_6_512_base_0      1\n",
      "calypso_transformer_6_512_base_4      1\n",
      "bert_base_cased_3                     1\n",
      "bert_large_cased_5                    1\n",
      "calypso_transformer_6_512_base_5      1\n",
      "bert_large_cased_12                   1\n",
      "bert_large_cased_15                   1\n",
      "dtype: int64\n",
      "\n",
      "corr_df_pctl\n",
      "          max       min       med\n",
      "max  1.000000 -0.217173 -0.188485\n",
      "min -0.217173  1.000000  0.905220\n",
      "med -0.188485  0.905220  1.000000\n",
      "\n",
      "\n",
      "bert_large_cased_1:\n",
      "\n",
      "maxcorr\n",
      "\n",
      "maxcounts\n",
      "bert_large_cased_2    954\n",
      "bert_large_cased_0     70\n",
      "dtype: int64\n",
      "\n",
      "mincounts\n",
      "elmo_4x4096_512_2                   285\n",
      "elmo_4x4096_512_3                   149\n",
      "bert_base_cased_10                   56\n",
      "openai_transformer_12                43\n",
      "bert_base_cased_12                   40\n",
      "bert_large_cased_23                  38\n",
      "elmo_4x4096_512_4                    33\n",
      "elmo_original_2                      32\n",
      "bert_large_cased_22                  30\n",
      "elmo_original_1                      29\n",
      "calypso_transformer_6_512_base_6     29\n",
      "bert_base_cased_11                   27\n",
      "elmo_4x4096_512_1                    23\n",
      "bert_base_cased_9                    23\n",
      "bert_large_cased_18                  20\n",
      "bert_large_cased_21                  20\n",
      "bert_large_cased_24                  19\n",
      "bert_large_cased_19                  15\n",
      "openai_transformer_11                14\n",
      "bert_large_cased_17                  10\n",
      "elmo_original_0                       8\n",
      "bert_large_cased_20                   8\n",
      "bert_large_cased_16                   7\n",
      "openai_transformer_5                  7\n",
      "openai_transformer_10                 5\n",
      "openai_transformer_0                  5\n",
      "openai_transformer_9                  5\n",
      "openai_transformer_6                  5\n",
      "openai_transformer_2                  4\n",
      "elmo_4x4096_512_0                     4\n",
      "openai_transformer_8                  4\n",
      "bert_large_cased_15                   4\n",
      "bert_base_cased_7                     3\n",
      "bert_base_cased_6                     3\n",
      "bert_large_cased_14                   3\n",
      "calypso_transformer_6_512_base_5      3\n",
      "bert_large_cased_13                   2\n",
      "bert_base_cased_8                     2\n",
      "bert_large_cased_8                    1\n",
      "openai_transformer_7                  1\n",
      "bert_large_cased_6                    1\n",
      "bert_base_cased_2                     1\n",
      "bert_large_cased_7                    1\n",
      "bert_large_cased_12                   1\n",
      "openai_transformer_1                  1\n",
      "dtype: int64\n",
      "\n",
      "corr_df_pctl\n",
      "          max       min       med\n",
      "max  1.000000  0.049592  0.147180\n",
      "min  0.049592  1.000000  0.844363\n",
      "med  0.147180  0.844363  1.000000\n",
      "\n",
      "maxlinreg\n",
      "\n",
      "maxcounts\n",
      "bert_large_cased_2    1024\n",
      "dtype: int64\n",
      "\n",
      "mincounts\n",
      "openai_transformer_12               972\n",
      "calypso_transformer_6_512_base_0     37\n",
      "elmo_4x4096_512_0                     9\n",
      "elmo_original_0                       3\n",
      "elmo_4x4096_512_4                     1\n",
      "openai_transformer_0                  1\n",
      "openai_transformer_11                 1\n",
      "dtype: int64\n",
      "\n",
      "corr_df_pctl\n",
      "          max       min       med\n",
      "max  1.000000  0.314058  0.524082\n",
      "min  0.314058  1.000000  0.839570\n",
      "med  0.524082  0.839570  1.000000\n",
      "\n",
      "minlinreg\n",
      "\n",
      "maxcounts\n",
      "bert_large_cased_2    1024\n",
      "dtype: int64\n",
      "\n",
      "mincounts\n",
      "openai_transformer_12               972\n",
      "calypso_transformer_6_512_base_0     37\n",
      "elmo_4x4096_512_0                     9\n",
      "elmo_original_0                       3\n",
      "elmo_4x4096_512_4                     1\n",
      "openai_transformer_0                  1\n",
      "openai_transformer_11                 1\n",
      "dtype: int64\n",
      "\n",
      "corr_df_pctl\n",
      "          max       min       med\n",
      "max  1.000000  0.314058  0.524082\n",
      "min  0.314058  1.000000  0.839570\n",
      "med  0.524082  0.839570  1.000000\n",
      "\n",
      "mincorr\n",
      "\n",
      "maxcounts\n",
      "bert_large_cased_2    954\n",
      "bert_large_cased_0     70\n",
      "dtype: int64\n",
      "\n",
      "mincounts\n",
      "elmo_4x4096_512_2                   285\n",
      "elmo_4x4096_512_3                   149\n",
      "bert_base_cased_10                   56\n",
      "openai_transformer_12                43\n",
      "bert_base_cased_12                   40\n",
      "bert_large_cased_23                  38\n",
      "elmo_4x4096_512_4                    33\n",
      "elmo_original_2                      32\n",
      "bert_large_cased_22                  30\n",
      "elmo_original_1                      29\n",
      "calypso_transformer_6_512_base_6     29\n",
      "bert_base_cased_11                   27\n",
      "elmo_4x4096_512_1                    23\n",
      "bert_base_cased_9                    23\n",
      "bert_large_cased_18                  20\n",
      "bert_large_cased_21                  20\n",
      "bert_large_cased_24                  19\n",
