{
 "cells": [
  {
   "cell_type": "markdown",
   "metadata": {},
   "source": [
    "# Summary\n",
    "- mincorr and minlinreg are similar. maxcorr and maxlinreg are similar. \n",
    "- spearman among different layers is lower (even goes negative) in lower layers for:\n",
    "    - bert_large\n",
    "    - openai\n",
    "    - bert_base\n",
    "  \n",
    "  but not true for elmo or calypso"
   ]
  },
  {
   "cell_type": "code",
   "execution_count": 1,
   "metadata": {},
   "outputs": [],
   "source": [
    "import json\n",
    "import matplotlib.pyplot as plt\n",
    "import numpy as np\n",
    "import pandas as pd\n",
    "from os.path import basename, dirname\n",
    "import torch"
   ]
  },
  {
   "cell_type": "code",
   "execution_count": 2,
   "metadata": {},
   "outputs": [],
   "source": [
    "# Set `res_d`, `network_l`, `num_neurons_d`\n",
    "base = \"/data/sls/temp/johnmwu/contextual-corr-analysis/results7_\"\n",
    "res_fname = {method : base + method for method in \n",
    "                {\"maxcorr\", \"mincorr\", \"maxlinreg\", \"minlinreg\", \"cca\", \"lincka\"}}\n",
    "\n",
    "res_d = {}\n",
    "res_d[\"maxcorr\"] = json.load(open(res_fname[\"maxcorr\"], \"r\"))\n",
    "res_d[\"mincorr\"] = json.load(open(res_fname[\"mincorr\"], \"r\"))\n",
    "res_d[\"maxlinreg\"] = json.load(open(res_fname[\"maxlinreg\"], \"r\"))\n",
    "res_d[\"minlinreg\"] = json.load(open(res_fname[\"minlinreg\"], \"r\"))\n",
    "\n",
    "network_l = [network for network in res_d[\"maxcorr\"]]\n",
    "\n",
    "num_neurons_d = {}\n",
    "for network in network_l:\n",
    "    num_neurons_d[network] = len(res_d[\"maxcorr\"][network])"
   ]
  },
  {
   "cell_type": "markdown",
   "metadata": {},
   "source": [
    "# MaxCorr, MinCorr, MaxLinReg, MinLinReg"
   ]
  },
  {
   "cell_type": "markdown",
   "metadata": {},
   "source": [
    "### Sorts"
   ]
  },
  {
   "cell_type": "code",
   "execution_count": 3,
   "metadata": {},
   "outputs": [],
   "source": [
    "rk_methods = {\"maxcorr\", \"mincorr\", \"maxlinreg\", \"minlinreg\"}"
   ]
  },
  {
   "cell_type": "code",
   "execution_count": 4,
   "metadata": {},
   "outputs": [],
   "source": [
    "neuron_sorts = {network: {} for network in network_l}\n",
    "for network in network_l:\n",
    "    for method in rk_methods:\n",
    "        neuron_sorts[network][method] = [neuron[0] for neuron in res_d[method][network]]"
   ]
  },
  {
   "cell_type": "code",
   "execution_count": 5,
   "metadata": {},
   "outputs": [],
   "source": [
    "# Set `rk_ar_d`, `rk_df_d`, `spearman_d`\n",
    "rk_ar_d = {}\n",
    "rk_df_d = {}\n",
    "spearman_d = {}\n",
    "for network in network_l:\n",
    "    # rk_ar[method_ix, neuron] = rank\n",
    "    # need to invert the permutation\n",
    "    rk_ar = np.stack([\n",
    "            [neuron_sorts[network][method].index(neuron) for neuron in range(len(neuron_sorts[network][method]))]\n",
    "                      for method in rk_methods\n",
    "    ]).T\n",
    "    rk_df = pd.DataFrame(rk_ar, columns=list(rk_methods))\n",
    "    \n",
    "    rk_ar_d[network] = rk_ar\n",
    "    rk_df_d[network] = rk_df\n",
    "    spearman_d[network] = rk_df.corr()"
   ]
  },
  {
   "cell_type": "code",
   "execution_count": 6,
   "metadata": {},
   "outputs": [
    {
     "name": "stdout",
     "output_type": "stream",
     "text": [
      "bert_large_cased_0\n",
      "            maxcorr  minlinreg  maxlinreg   mincorr\n",
      "maxcorr    1.000000  -0.177012   0.648555 -0.217173\n",
      "minlinreg -0.177012   1.000000   0.281875  0.812337\n",
      "maxlinreg  0.648555   0.281875   1.000000  0.246626\n",
      "mincorr   -0.217173   0.812337   0.246626  1.000000\n",
      "bert_large_cased_1\n",
      "            maxcorr  minlinreg  maxlinreg   mincorr\n",
      "maxcorr    1.000000   0.253680   0.966645  0.049593\n",
      "minlinreg  0.253680   1.000000   0.314057  0.695416\n",
      "maxlinreg  0.966645   0.314057   1.000000  0.107344\n",
      "mincorr    0.049593   0.695416   0.107344  1.000000\n",
      "bert_large_cased_2\n",
      "            maxcorr  minlinreg  maxlinreg   mincorr\n",
      "maxcorr    1.000000   0.468780   0.977872  0.183748\n",
      "minlinreg  0.468780   1.000000   0.482464  0.727491\n",
      "maxlinreg  0.977872   0.482464   1.000000  0.196051\n",
      "mincorr    0.183748   0.727491   0.196051  1.000000\n",
      "bert_large_cased_3\n",
      "            maxcorr  minlinreg  maxlinreg   mincorr\n",
      "maxcorr    1.000000   0.373058   0.980595  0.119859\n",
      "minlinreg  0.373058   1.000000   0.399669  0.772504\n",
      "maxlinreg  0.980595   0.399669   1.000000  0.140929\n",
      "mincorr    0.119859   0.772504   0.140929  1.000000\n",
      "bert_large_cased_4\n",
      "            maxcorr  minlinreg  maxlinreg   mincorr\n",
      "maxcorr    1.000000   0.413277   0.992002  0.136602\n",
      "minlinreg  0.413277   1.000000   0.439943  0.755454\n",
      "maxlinreg  0.992002   0.439943   1.000000  0.163068\n",
      "mincorr    0.136602   0.755454   0.163068  1.000000\n",
      "bert_large_cased_5\n",
      "            maxcorr  minlinreg  maxlinreg   mincorr\n",
      "maxcorr    1.000000   0.504038   0.993976  0.220026\n",
      "minlinreg  0.504038   1.000000   0.521146  0.738890\n",
      "maxlinreg  0.993976   0.521146   1.000000  0.232011\n",
      "mincorr    0.220026   0.738890   0.232011  1.000000\n",
      "bert_large_cased_6\n",
      "            maxcorr  minlinreg  maxlinreg   mincorr\n",
      "maxcorr    1.000000   0.548818   0.994861  0.292887\n",
      "minlinreg  0.548818   1.000000   0.565392  0.751996\n",
      "maxlinreg  0.994861   0.565392   1.000000  0.309308\n",
      "mincorr    0.292887   0.751996   0.309308  1.000000\n",
      "bert_large_cased_7\n",
      "            maxcorr  minlinreg  maxlinreg   mincorr\n",
      "maxcorr    1.000000   0.560813   0.992130  0.296135\n",
      "minlinreg  0.560813   1.000000   0.581239  0.764863\n",
      "maxlinreg  0.992130   0.581239   1.000000  0.314552\n",
      "mincorr    0.296135   0.764863   0.314552  1.000000\n",
      "bert_large_cased_8\n",
      "            maxcorr  minlinreg  maxlinreg   mincorr\n",
      "maxcorr    1.000000   0.598799   0.994159  0.359880\n",
      "minlinreg  0.598799   1.000000   0.611440  0.780255\n",
      "maxlinreg  0.994159   0.611440   1.000000  0.372438\n",
      "mincorr    0.359880   0.780255   0.372438  1.000000\n",
      "bert_large_cased_9\n",
      "            maxcorr  minlinreg  maxlinreg   mincorr\n",
      "maxcorr    1.000000   0.601654   0.995790  0.381682\n",
      "minlinreg  0.601654   1.000000   0.617734  0.792055\n",
      "maxlinreg  0.995790   0.617734   1.000000  0.397162\n",
      "mincorr    0.381682   0.792055   0.397162  1.000000\n",
      "bert_large_cased_10\n",
      "            maxcorr  minlinreg  maxlinreg   mincorr\n",
      "maxcorr    1.000000   0.616899   0.995034  0.366369\n",
      "minlinreg  0.616899   1.000000   0.636275  0.788802\n",
      "maxlinreg  0.995034   0.636275   1.000000  0.384043\n",
      "mincorr    0.366369   0.788802   0.384043  1.000000\n",
      "bert_large_cased_11\n",
      "            maxcorr  minlinreg  maxlinreg   mincorr\n",
      "maxcorr    1.000000   0.660437   0.992977  0.411162\n",
      "minlinreg  0.660437   1.000000   0.681240  0.800773\n",
      "maxlinreg  0.992977   0.681240   1.000000  0.428941\n",
      "mincorr    0.411162   0.800773   0.428941  1.000000\n",
      "bert_large_cased_12\n",
      "            maxcorr  minlinreg  maxlinreg   mincorr\n",
      "maxcorr    1.000000   0.717107   0.993599  0.451044\n",
      "minlinreg  0.717107   1.000000   0.734737  0.801290\n",
      "maxlinreg  0.993599   0.734737   1.000000  0.472058\n",
      "mincorr    0.451044   0.801290   0.472058  1.000000\n",
      "bert_large_cased_13\n",
      "            maxcorr  minlinreg  maxlinreg   mincorr\n",
      "maxcorr    1.000000   0.811692   0.994309  0.514068\n",
      "minlinreg  0.811692   1.000000   0.825314  0.793094\n",
      "maxlinreg  0.994309   0.825314   1.000000  0.529544\n",
      "mincorr    0.514068   0.793094   0.529544  1.000000\n",
      "bert_large_cased_14\n",
      "            maxcorr  minlinreg  maxlinreg   mincorr\n",
      "maxcorr    1.000000   0.857674   0.993226  0.537205\n",
      "minlinreg  0.857674   1.000000   0.869881  0.782113\n",
      "maxlinreg  0.993226   0.869881   1.000000  0.559662\n",
      "mincorr    0.537205   0.782113   0.559662  1.000000\n",
      "bert_large_cased_15\n",
      "            maxcorr  minlinreg  maxlinreg   mincorr\n",
      "maxcorr    1.000000   0.867951   0.996460  0.576603\n",
      "minlinreg  0.867951   1.000000   0.875189  0.789617\n",
      "maxlinreg  0.996460   0.875189   1.000000  0.585491\n",
      "mincorr    0.576603   0.789617   0.585491  1.000000\n",
      "bert_large_cased_16\n",
      "            maxcorr  minlinreg  maxlinreg   mincorr\n",
      "maxcorr    1.000000   0.848639   0.991677  0.545929\n",
      "minlinreg  0.848639   1.000000   0.863573  0.788639\n",
      "maxlinreg  0.991677   0.863573   1.000000  0.570127\n",
      "mincorr    0.545929   0.788639   0.570127  1.000000\n",
      "bert_large_cased_17\n",
      "            maxcorr  minlinreg  maxlinreg   mincorr\n",
      "maxcorr    1.000000   0.842317   0.990577  0.532714\n",
      "minlinreg  0.842317   1.000000   0.860252  0.780641\n",
      "maxlinreg  0.990577   0.860252   1.000000  0.559418\n",
      "mincorr    0.532714   0.780641   0.559418  1.000000\n",
      "bert_large_cased_18\n",
      "            maxcorr  minlinreg  maxlinreg   mincorr\n",
      "maxcorr    1.000000   0.836008   0.990434  0.554668\n",
      "minlinreg  0.836008   1.000000   0.844112  0.791793\n",
      "maxlinreg  0.990434   0.844112   1.000000  0.563824\n",
      "mincorr    0.554668   0.791793   0.563824  1.000000\n",
      "bert_large_cased_19\n",
      "            maxcorr  minlinreg  maxlinreg   mincorr\n",
      "maxcorr    1.000000   0.802151   0.979198  0.506332\n",
      "minlinreg  0.802151   1.000000   0.821919  0.782847\n",
      "maxlinreg  0.979198   0.821919   1.000000  0.532003\n",
      "mincorr    0.506332   0.782847   0.532003  1.000000\n",
      "bert_large_cased_20\n",
      "            maxcorr  minlinreg  maxlinreg   mincorr\n",
      "maxcorr    1.000000   0.737757   0.967041  0.451687\n",
      "minlinreg  0.737757   1.000000   0.783689  0.784623\n",
      "maxlinreg  0.967041   0.783689   1.000000  0.498751\n",
      "mincorr    0.451687   0.784623   0.498751  1.000000\n",
      "bert_large_cased_21\n",
      "            maxcorr  minlinreg  maxlinreg   mincorr\n",
      "maxcorr    1.000000   0.698861   0.935762  0.435412\n",
      "minlinreg  0.698861   1.000000   0.763534  0.788740\n",
      "maxlinreg  0.935762   0.763534   1.000000  0.499353\n",
      "mincorr    0.435412   0.788740   0.499353  1.000000\n",
      "bert_large_cased_22\n",
      "            maxcorr  minlinreg  maxlinreg   mincorr\n",
      "maxcorr    1.000000   0.679573   0.926068  0.429724\n",
      "minlinreg  0.679573   1.000000   0.750284  0.801256\n",
      "maxlinreg  0.926068   0.750284   1.000000  0.507125\n",
      "mincorr    0.429724   0.801256   0.507125  1.000000\n",
      "bert_large_cased_23\n",
      "            maxcorr  minlinreg  maxlinreg   mincorr\n",
      "maxcorr    1.000000   0.557281   0.799492  0.329226\n",
      "minlinreg  0.557281   1.000000   0.753756  0.811451\n",
      "maxlinreg  0.799492   0.753756   1.000000  0.530192\n",
      "mincorr    0.329226   0.811451   0.530192  1.000000\n",
      "bert_large_cased_24\n",
      "            maxcorr  minlinreg  maxlinreg   mincorr\n",
      "maxcorr    1.000000  -0.055737   0.176588 -0.198118\n",
      "minlinreg -0.055737   1.000000   0.723868  0.849731\n",
      "maxlinreg  0.176588   0.723868   1.000000  0.580029\n",
      "mincorr   -0.198118   0.849731   0.580029  1.000000\n",
      "openai_transformer_0\n",
      "            maxcorr  minlinreg  maxlinreg   mincorr\n",
      "maxcorr    1.000000  -0.123123   0.691360 -0.200861\n",
      "minlinreg -0.123123   1.000000   0.291181  0.814785\n",
      "maxlinreg  0.691360   0.291181   1.000000  0.199620\n",
      "mincorr   -0.200861   0.814785   0.199620  1.000000\n",
      "openai_transformer_1\n",
      "            maxcorr  minlinreg  maxlinreg   mincorr\n",
      "maxcorr    1.000000   0.188387   0.927198  0.065551\n",
      "minlinreg  0.188387   1.000000   0.352238  0.834256\n",
      "maxlinreg  0.927198   0.352238   1.000000  0.223769\n",
      "mincorr    0.065551   0.834256   0.223769  1.000000\n",
      "openai_transformer_2\n",
      "            maxcorr  minlinreg  maxlinreg   mincorr\n",
      "maxcorr    1.000000   0.669405   0.983548  0.396397\n",
      "minlinreg  0.669405   1.000000   0.707973  0.777101\n",
      "maxlinreg  0.983548   0.707973   1.000000  0.438930\n",
      "mincorr    0.396397   0.777101   0.438930  1.000000\n",
      "openai_transformer_3\n",
      "            maxcorr  minlinreg  maxlinreg   mincorr\n",
      "maxcorr    1.000000   0.813586   0.993427  0.592812\n",
      "minlinreg  0.813586   1.000000   0.834184  0.826018\n",
      "maxlinreg  0.993427   0.834184   1.000000  0.615700\n",
      "mincorr    0.592812   0.826018   0.615700  1.000000\n",
      "openai_transformer_4\n",
      "            maxcorr  minlinreg  maxlinreg   mincorr\n",
      "maxcorr    1.000000   0.893991   0.997082  0.719005\n",
      "minlinreg  0.893991   1.000000   0.904064  0.872314\n",
      "maxlinreg  0.997082   0.904064   1.000000  0.730441\n",
      "mincorr    0.719005   0.872314   0.730441  1.000000\n",
      "openai_transformer_5\n",
      "            maxcorr  minlinreg  maxlinreg   mincorr\n",
      "maxcorr    1.000000   0.934371   0.997602  0.757567\n",
      "minlinreg  0.934371   1.000000   0.937301  0.861228\n",
      "maxlinreg  0.997602   0.937301   1.000000  0.765727\n",
      "mincorr    0.757567   0.861228   0.765727  1.000000\n",
      "openai_transformer_6\n",
      "            maxcorr  minlinreg  maxlinreg   mincorr\n",
      "maxcorr    1.000000   0.951450   0.996285  0.784928\n",
      "minlinreg  0.951450   1.000000   0.955894  0.871888\n",
      "maxlinreg  0.996285   0.955894   1.000000  0.800313\n",
      "mincorr    0.784928   0.871888   0.800313  1.000000\n",
      "openai_transformer_7\n",
      "            maxcorr  minlinreg  maxlinreg   mincorr\n",
      "maxcorr    1.000000   0.940030   0.994646  0.739275\n",
      "minlinreg  0.940030   1.000000   0.950199  0.853602\n",
      "maxlinreg  0.994646   0.950199   1.000000  0.752778\n",
      "mincorr    0.739275   0.853602   0.752778  1.000000\n",
      "openai_transformer_8\n",
      "            maxcorr  minlinreg  maxlinreg   mincorr\n",
      "maxcorr    1.000000   0.935719   0.996678  0.722648\n",
      "minlinreg  0.935719   1.000000   0.940443  0.842286\n",
      "maxlinreg  0.996678   0.940443   1.000000  0.734446\n",
      "mincorr    0.722648   0.842286   0.734446  1.000000\n",
      "openai_transformer_9\n",
      "            maxcorr  minlinreg  maxlinreg   mincorr\n",
      "maxcorr    1.000000   0.916816   0.994543  0.698712\n",
      "minlinreg  0.916816   1.000000   0.925109  0.835158\n",
      "maxlinreg  0.994543   0.925109   1.000000  0.713369\n",
      "mincorr    0.698712   0.835158   0.713369  1.000000\n",
      "openai_transformer_10\n",
      "            maxcorr  minlinreg  maxlinreg   mincorr\n",
      "maxcorr    1.000000   0.863067   0.988137  0.619155\n",
      "minlinreg  0.863067   1.000000   0.880992  0.817063\n",
      "maxlinreg  0.988137   0.880992   1.000000  0.649259\n",
      "mincorr    0.619155   0.817063   0.649259  1.000000\n",
      "openai_transformer_11\n",
      "            maxcorr  minlinreg  maxlinreg   mincorr\n",
      "maxcorr    1.000000   0.765808   0.949708  0.549029\n",
      "minlinreg  0.765808   1.000000   0.817947  0.805869\n",
      "maxlinreg  0.949708   0.817947   1.000000  0.619864\n",
      "mincorr    0.549029   0.805869   0.619864  1.000000\n",
      "openai_transformer_12\n",
      "            maxcorr  minlinreg  maxlinreg   mincorr\n",
      "maxcorr    1.000000   0.341018   0.739767  0.239299\n",
      "minlinreg  0.341018   1.000000   0.647895  0.824870\n",
      "maxlinreg  0.739767   0.647895   1.000000  0.520799\n",
      "mincorr    0.239299   0.824870   0.520799  1.000000\n",
      "bert_base_cased_0\n",
      "            maxcorr  minlinreg  maxlinreg   mincorr\n",
      "maxcorr    1.000000  -0.044711   0.484379 -0.224886\n",
      "minlinreg -0.044711   1.000000   0.292657  0.702247\n",
      "maxlinreg  0.484379   0.292657   1.000000  0.226549\n",
      "mincorr   -0.224886   0.702247   0.226549  1.000000\n",
      "bert_base_cased_1\n",
      "            maxcorr  minlinreg  maxlinreg   mincorr\n",
      "maxcorr    1.000000   0.319036   0.892146  0.120374\n",
      "minlinreg  0.319036   1.000000   0.422686  0.716473\n",
      "maxlinreg  0.892146   0.422686   1.000000  0.216881\n",
      "mincorr    0.120374   0.716473   0.216881  1.000000\n",
      "bert_base_cased_2\n",
      "            maxcorr  minlinreg  maxlinreg   mincorr\n",
      "maxcorr    1.000000   0.439193   0.973123  0.227559\n",
      "minlinreg  0.439193   1.000000   0.502548  0.732120\n",
      "maxlinreg  0.973123   0.502548   1.000000  0.276872\n",
      "mincorr    0.227559   0.732120   0.276872  1.000000\n",
      "bert_base_cased_3\n",
      "            maxcorr  minlinreg  maxlinreg   mincorr\n",
      "maxcorr    1.000000   0.527121   0.983998  0.296541\n",
      "minlinreg  0.527121   1.000000   0.550489  0.725200\n",
      "maxlinreg  0.983998   0.550489   1.000000  0.316243\n",
      "mincorr    0.296541   0.725200   0.316243  1.000000\n",
      "bert_base_cased_4\n",
      "            maxcorr  minlinreg  maxlinreg   mincorr\n",
      "maxcorr    1.000000   0.558419   0.982134  0.344558\n",
      "minlinreg  0.558419   1.000000   0.571004  0.751701\n",
      "maxlinreg  0.982134   0.571004   1.000000  0.358879\n",
      "mincorr    0.344558   0.751701   0.358879  1.000000\n",
      "bert_base_cased_5\n",
      "            maxcorr  minlinreg  maxlinreg   mincorr\n",
      "maxcorr    1.000000   0.610376   0.983439  0.427192\n",
      "minlinreg  0.610376   1.000000   0.627532  0.769265\n",
      "maxlinreg  0.983439   0.627532   1.000000  0.442837\n",
      "mincorr    0.427192   0.769265   0.442837  1.000000\n",
      "bert_base_cased_6\n",
      "            maxcorr  minlinreg  maxlinreg   mincorr\n",
      "maxcorr    1.000000   0.686897   0.981771  0.481462\n",
      "minlinreg  0.686897   1.000000   0.713925  0.772195\n",
      "maxlinreg  0.981771   0.713925   1.000000  0.514920\n",
      "mincorr    0.481462   0.772195   0.514920  1.000000\n",
      "bert_base_cased_7\n",
      "            maxcorr  minlinreg  maxlinreg   mincorr\n",
      "maxcorr    1.000000   0.750461   0.979778  0.505148\n",
      "minlinreg  0.750461   1.000000   0.778378  0.740392\n",
      "maxlinreg  0.979778   0.778378   1.000000  0.538147\n",
      "mincorr    0.505148   0.740392   0.538147  1.000000\n",
      "bert_base_cased_8\n",
      "            maxcorr  minlinreg  maxlinreg   mincorr\n",
      "maxcorr    1.000000   0.771001   0.982612  0.502455\n",
      "minlinreg  0.771001   1.000000   0.794142  0.747876\n",
      "maxlinreg  0.982612   0.794142   1.000000  0.530852\n",
      "mincorr    0.502455   0.747876   0.530852  1.000000\n",
      "bert_base_cased_9\n",
      "            maxcorr  minlinreg  maxlinreg   mincorr\n",
      "maxcorr    1.000000   0.771543   0.967004  0.492569\n",
      "minlinreg  0.771543   1.000000   0.787982  0.755787\n",
      "maxlinreg  0.967004   0.787982   1.000000  0.518155\n",
      "mincorr    0.492569   0.755787   0.518155  1.000000\n",
      "bert_base_cased_10\n",
      "            maxcorr  minlinreg  maxlinreg   mincorr\n",
      "maxcorr    1.000000   0.720370   0.927180  0.466987\n",
      "minlinreg  0.720370   1.000000   0.774171  0.762844\n",
      "maxlinreg  0.927180   0.774171   1.000000  0.522490\n",
      "mincorr    0.466987   0.762844   0.522490  1.000000\n",
      "bert_base_cased_11\n",
      "            maxcorr  minlinreg  maxlinreg   mincorr\n",
      "maxcorr    1.000000   0.635933   0.890225  0.399503\n",
      "minlinreg  0.635933   1.000000   0.754516  0.782155\n",
      "maxlinreg  0.890225   0.754516   1.000000  0.519897\n",
      "mincorr    0.399503   0.782155   0.519897  1.000000\n",
      "bert_base_cased_12\n",
      "            maxcorr  minlinreg  maxlinreg   mincorr\n",
      "maxcorr    1.000000  -0.038389   0.307808 -0.112470\n",
      "minlinreg -0.038389   1.000000   0.698218  0.800543\n",
      "maxlinreg  0.307808   0.698218   1.000000  0.505767\n",
      "mincorr   -0.112470   0.800543   0.505767  1.000000\n",
      "elmo_original_0\n",
      "            maxcorr  minlinreg  maxlinreg   mincorr\n",
      "maxcorr    1.000000   0.817504   0.760423  0.803760\n",
      "minlinreg  0.817504   1.000000   0.913171  0.800045\n",
      "maxlinreg  0.760423   0.913171   1.000000  0.691865\n",
      "mincorr    0.803760   0.800045   0.691865  1.000000\n",
      "elmo_original_1\n",
      "            maxcorr  minlinreg  maxlinreg   mincorr\n",
      "maxcorr    1.000000   0.347543   0.660849  0.411793\n",
      "minlinreg  0.347543   1.000000   0.745153  0.832148\n",
      "maxlinreg  0.660849   0.745153   1.000000  0.763593\n",
      "mincorr    0.411793   0.832148   0.763593  1.000000\n",
      "elmo_original_2\n",
      "            maxcorr  minlinreg  maxlinreg   mincorr\n",
      "maxcorr    1.000000   0.628978   0.743798  0.546313\n",
      "minlinreg  0.628978   1.000000   0.824284  0.877011\n",
      "maxlinreg  0.743798   0.824284   1.000000  0.751558\n",
      "mincorr    0.546313   0.877011   0.751558  1.000000\n",
      "calypso_transformer_6_512_base_0\n",
      "            maxcorr  minlinreg  maxlinreg   mincorr\n",
      "maxcorr    1.000000   0.109789   0.822285  0.067828\n",
      "minlinreg  0.109789   1.000000   0.307389  0.887761\n",
      "maxlinreg  0.822285   0.307389   1.000000  0.255225\n",
      "mincorr    0.067828   0.887761   0.255225  1.000000\n",
      "calypso_transformer_6_512_base_1\n",
      "            maxcorr  minlinreg  maxlinreg   mincorr\n",
      "maxcorr    1.000000   0.475174   0.703021  0.424072\n",
      "minlinreg  0.475174   1.000000   0.649384  0.822778\n",
      "maxlinreg  0.703021   0.649384   1.000000  0.543436\n",
      "mincorr    0.424072   0.822778   0.543436  1.000000\n",
      "calypso_transformer_6_512_base_2\n",
      "            maxcorr  minlinreg  maxlinreg   mincorr\n",
      "maxcorr    1.000000   0.275126   0.873685  0.365592\n",
      "minlinreg  0.275126   1.000000   0.391356  0.765526\n",
      "maxlinreg  0.873685   0.391356   1.000000  0.471679\n",
      "mincorr    0.365592   0.765526   0.471679  1.000000\n",
      "calypso_transformer_6_512_base_3\n",
      "            maxcorr  minlinreg  maxlinreg   mincorr\n",
      "maxcorr    1.000000   0.235642   0.923835  0.379650\n",
      "minlinreg  0.235642   1.000000   0.323251  0.754478\n",
      "maxlinreg  0.923835   0.323251   1.000000  0.472159\n",
      "mincorr    0.379650   0.754478   0.472159  1.000000\n",
      "calypso_transformer_6_512_base_4\n",
      "            maxcorr  minlinreg  maxlinreg   mincorr\n",
      "maxcorr    1.000000   0.201892   0.896542  0.380587\n",
      "minlinreg  0.201892   1.000000   0.300149  0.769994\n",
      "maxlinreg  0.896542   0.300149   1.000000  0.481203\n",
      "mincorr    0.380587   0.769994   0.481203  1.000000\n",
      "calypso_transformer_6_512_base_5\n",
      "            maxcorr  minlinreg  maxlinreg   mincorr\n",
      "maxcorr    1.000000   0.239741   0.712187  0.342635\n",
      "minlinreg  0.239741   1.000000   0.271007  0.780744\n",
      "maxlinreg  0.712187   0.271007   1.000000  0.470993\n",
      "mincorr    0.342635   0.780744   0.470993  1.000000\n",
      "calypso_transformer_6_512_base_6\n",
      "            maxcorr  minlinreg  maxlinreg   mincorr\n",
      "maxcorr    1.000000   0.205115   0.605673  0.248283\n",
      "minlinreg  0.205115   1.000000   0.398211  0.740396\n",
      "maxlinreg  0.605673   0.398211   1.000000  0.598245\n",
      "mincorr    0.248283   0.740396   0.598245  1.000000\n",
      "elmo_4x4096_512_0\n",
      "            maxcorr  minlinreg  maxlinreg   mincorr\n",
      "maxcorr    1.000000   0.837013   0.733483  0.796425\n",
      "minlinreg  0.837013   1.000000   0.937205  0.757408\n",
      "maxlinreg  0.733483   0.937205   1.000000  0.636858\n",
      "mincorr    0.796425   0.757408   0.636858  1.000000\n",
      "elmo_4x4096_512_1\n",
      "            maxcorr  minlinreg  maxlinreg   mincorr\n",
      "maxcorr    1.000000   0.107261   0.536652  0.267126\n",
      "minlinreg  0.107261   1.000000   0.608247  0.779575\n",
      "maxlinreg  0.536652   0.608247   1.000000  0.719012\n",
      "mincorr    0.267126   0.779575   0.719012  1.000000\n",
      "elmo_4x4096_512_2\n",
      "            maxcorr  minlinreg  maxlinreg   mincorr\n",
      "maxcorr    1.000000   0.323292   0.628321  0.421204\n",
      "minlinreg  0.323292   1.000000   0.663851  0.812875\n",
      "maxlinreg  0.628321   0.663851   1.000000  0.704426\n",
      "mincorr    0.421204   0.812875   0.704426  1.000000\n",
      "elmo_4x4096_512_3\n",
      "            maxcorr  minlinreg  maxlinreg   mincorr\n",
      "maxcorr    1.000000   0.515420   0.764094  0.482607\n",
      "minlinreg  0.515420   1.000000   0.796562  0.877598\n",
      "maxlinreg  0.764094   0.796562   1.000000  0.715084\n",
      "mincorr    0.482607   0.877598   0.715084  1.000000\n",
      "elmo_4x4096_512_4\n",
      "            maxcorr  minlinreg  maxlinreg   mincorr\n",
      "maxcorr    1.000000   0.557949   0.782944  0.484366\n",
      "minlinreg  0.557949   1.000000   0.768030  0.863733\n",
      "maxlinreg  0.782944   0.768030   1.000000  0.707586\n",
      "mincorr    0.484366   0.863733   0.707586  1.000000\n"
     ]
    }
   ],
   "source": [
    "for network in network_l:\n",
    "    print(network)\n",
    "    # print(rk_df_d[network])\n",
    "    print(spearman_d[network])"
   ]
  },
  {
   "cell_type": "markdown",
   "metadata": {},
   "source": [
    "### Distributions"
   ]
  },
  {
   "cell_type": "code",
   "execution_count": 7,
   "metadata": {},
   "outputs": [
    {
     "name": "stdout",
     "output_type": "stream",
     "text": [
      "\n",
      "\n",
      "bert_large_cased_0:\n",
      "\n",
      "maxcorr\n",
      "\n",
      "maxcounts\n",
      "bert_large_cased_1                  981\n",
      "bert_base_cased_0                    40\n",
      "calypso_transformer_6_512_base_0      2\n",
      "openai_transformer_2                  1\n",
      "dtype: int64\n",
      "\n",
      "mincounts\n",
      "elmo_4x4096_512_2                   281\n",
      "elmo_4x4096_512_3                   111\n",
      "bert_large_cased_22                  65\n",
      "bert_large_cased_21                  58\n",
      "bert_large_cased_23                  46\n",
      "openai_transformer_12                39\n",
      "bert_base_cased_10                   39\n",
      "elmo_4x4096_512_1                    37\n",
      "calypso_transformer_6_512_base_6     29\n",
      "elmo_4x4096_512_4                    29\n",
      "bert_base_cased_11                   25\n",
      "elmo_original_1                      25\n",
      "bert_large_cased_18                  23\n",
      "bert_large_cased_19                  22\n",
      "elmo_original_2                      20\n",
      "bert_base_cased_12                   17\n",
      "bert_base_cased_9                    15\n",
      "bert_large_cased_17                  12\n",
      "openai_transformer_11                11\n",
      "bert_large_cased_16                  10\n",
      "bert_base_cased_8                    10\n",
      "bert_large_cased_20                  10\n",
      "bert_large_cased_24                   9\n",
      "openai_transformer_5                  8\n",
      "bert_base_cased_6                     8\n",
      "openai_transformer_6                  8\n",
      "bert_base_cased_2                     6\n",
      "openai_transformer_1                  6\n",
      "bert_base_cased_5                     5\n",
      "openai_transformer_9                  4\n",
      "bert_large_cased_13                   4\n",
      "bert_base_cased_4                     3\n",
      "bert_large_cased_14                   3\n",
      "bert_base_cased_7                     3\n",
      "openai_transformer_2                  3\n",
      "openai_transformer_10                 3\n",
      "elmo_4x4096_512_0                     2\n",
      "bert_base_cased_1                     2\n",
      "elmo_original_0                       2\n",
      "bert_large_cased_11                   1\n",
      "bert_large_cased_12                   1\n",
      "calypso_transformer_6_512_base_4      1\n",
      "openai_transformer_3                  1\n",
      "openai_transformer_7                  1\n",
      "bert_large_cased_5                    1\n",
      "bert_base_cased_3                     1\n",
      "calypso_transformer_6_512_base_0      1\n",
      "calypso_transformer_6_512_base_5      1\n",
      "openai_transformer_0                  1\n",
      "bert_large_cased_15                   1\n",
      "dtype: int64\n",
      "\n",
      "corr_df_pctl\n",
      "          max       min       med\n",
      "max  1.000000 -0.217173 -0.188485\n",
      "min -0.217173  1.000000  0.905220\n",
      "med -0.188485  0.905220  1.000000\n",
      "\n",
      "minlinreg\n",
      "\n",
      "maxcounts\n",
      "bert_large_cased_1    1021\n",
      "bert_base_cased_0        3\n",
      "dtype: int64\n",
      "\n",
      "mincounts\n",
      "openai_transformer_12               997\n",
      "elmo_4x4096_512_4                    10\n",
      "elmo_4x4096_512_0                    10\n",
      "calypso_transformer_6_512_base_0      6\n",
      "elmo_original_2                       1\n",
      "dtype: int64\n",
      "\n",
      "corr_df_pctl\n",
      "          max       min       med\n",
      "max  1.000000  0.281882  0.376193\n",
      "min  0.281882  1.000000  0.933293\n",
      "med  0.376193  0.933293  1.000000\n",
      "\n",
      "maxlinreg\n",
      "\n",
      "maxcounts\n",
      "bert_large_cased_1    1021\n",
      "bert_base_cased_0        3\n",
      "dtype: int64\n",
      "\n",
      "mincounts\n",
      "openai_transformer_12               997\n",
      "elmo_4x4096_512_4                    10\n",
      "elmo_4x4096_512_0                    10\n",
      "calypso_transformer_6_512_base_0      6\n",
      "elmo_original_2                       1\n",
      "dtype: int64\n",
      "\n",
      "corr_df_pctl\n",
      "          max       min       med\n",
      "max  1.000000  0.281882  0.376193\n",
      "min  0.281882  1.000000  0.933293\n",
      "med  0.376193  0.933293  1.000000\n",
      "\n",
      "mincorr\n",
      "\n",
      "maxcounts\n",
      "bert_large_cased_1                  981\n",
      "bert_base_cased_0                    40\n",
      "calypso_transformer_6_512_base_0      2\n",
      "openai_transformer_2                  1\n",
      "dtype: int64\n",
      "\n",
      "mincounts\n",
      "elmo_4x4096_512_2                   281\n",
      "elmo_4x4096_512_3                   111\n",
      "bert_large_cased_22                  65\n",
      "bert_large_cased_21                  58\n",
      "bert_large_cased_23                  46\n",
      "bert_base_cased_10                   39\n",
      "openai_transformer_12                39\n",
      "elmo_4x4096_512_1                    37\n",
      "elmo_4x4096_512_4                    29\n",
      "calypso_transformer_6_512_base_6     29\n",
      "bert_base_cased_11                   25\n",
      "elmo_original_1                      25\n",
      "bert_large_cased_18                  23\n",
      "bert_large_cased_19                  22\n",
      "elmo_original_2                      20\n",
      "bert_base_cased_12                   17\n",
      "bert_base_cased_9                    15\n",
      "bert_large_cased_17                  12\n",
      "openai_transformer_11                11\n",
      "bert_large_cased_20                  10\n",
      "bert_large_cased_16                  10\n",
      "bert_base_cased_8                    10\n",
      "bert_large_cased_24                   9\n",
      "bert_base_cased_6                     8\n",
      "openai_transformer_5                  8\n",
      "openai_transformer_6                  8\n",
      "bert_base_cased_2                     6\n",
      "openai_transformer_1                  6\n",
      "bert_base_cased_5                     5\n",
      "openai_transformer_9                  4\n",
      "bert_large_cased_13                   4\n",
      "openai_transformer_2                  3\n",
      "openai_transformer_10                 3\n",
      "bert_large_cased_14                   3\n",
      "bert_base_cased_4                     3\n",
      "bert_base_cased_7                     3\n",
      "elmo_original_0                       2\n",
      "elmo_4x4096_512_0                     2\n",
      "bert_base_cased_1                     2\n",
      "bert_large_cased_12                   1\n",
      "openai_transformer_3                  1\n",
      "bert_large_cased_11                   1\n",
      "bert_large_cased_5                    1\n",
      "calypso_transformer_6_512_base_4      1\n",
      "bert_base_cased_3                     1\n",
      "calypso_transformer_6_512_base_0      1\n",
      "calypso_transformer_6_512_base_5      1\n",
      "openai_transformer_0                  1\n",
      "openai_transformer_7                  1\n",
      "bert_large_cased_15                   1\n",
      "dtype: int64\n",
      "\n",
      "corr_df_pctl\n",
      "          max       min       med\n",
      "max  1.000000 -0.217173 -0.188485\n",
      "min -0.217173  1.000000  0.905220\n",
      "med -0.188485  0.905220  1.000000\n",
      "\n",
      "\n",
      "bert_large_cased_1:\n",
      "\n",
      "maxcorr\n",
      "\n",
      "maxcounts\n",
      "bert_large_cased_2    954\n",
      "bert_large_cased_0     70\n",
      "dtype: int64\n",
      "\n",
      "mincounts\n",
      "elmo_4x4096_512_2                   285\n",
      "elmo_4x4096_512_3                   149\n",
      "bert_base_cased_10                   56\n",
      "openai_transformer_12                43\n",
      "bert_base_cased_12                   40\n",
      "bert_large_cased_23                  38\n",
      "elmo_4x4096_512_4                    33\n",
      "elmo_original_2                      32\n",
      "bert_large_cased_22                  30\n",
      "calypso_transformer_6_512_base_6     29\n",
      "elmo_original_1                      29\n",
      "bert_base_cased_11                   27\n",
      "bert_base_cased_9                    23\n",
      "elmo_4x4096_512_1                    23\n",
      "bert_large_cased_21                  20\n",
      "bert_large_cased_18                  20\n",
      "bert_large_cased_24                  19\n",
      "bert_large_cased_19                  15\n",
      "openai_transformer_11                14\n",
      "bert_large_cased_17                  10\n",
      "bert_large_cased_20                   8\n",
      "elmo_original_0                       8\n",
      "bert_large_cased_16                   7\n",
      "openai_transformer_5                  7\n",
      "openai_transformer_9                  5\n",
      "openai_transformer_10                 5\n",
      "openai_transformer_6                  5\n",
      "openai_transformer_0                  5\n",
      "bert_large_cased_15                   4\n",
      "elmo_4x4096_512_0                     4\n",
      "openai_transformer_8                  4\n",
      "openai_transformer_2                  4\n",
      "bert_base_cased_7                     3\n",
      "bert_large_cased_14                   3\n",
      "bert_base_cased_6                     3\n",
      "calypso_transformer_6_512_base_5      3\n",
      "bert_base_cased_8                     2\n",
      "bert_large_cased_13                   2\n",
      "openai_transformer_7                  1\n",
      "bert_large_cased_6                    1\n",
      "bert_large_cased_7                    1\n",
      "openai_transformer_1                  1\n",
      "bert_large_cased_8                    1\n",
      "bert_base_cased_2                     1\n",
      "bert_large_cased_12                   1\n",
      "dtype: int64\n",
      "\n",
      "corr_df_pctl\n",
      "          max       min       med\n",
      "max  1.000000  0.049592  0.147180\n",
      "min  0.049592  1.000000  0.844363\n",
      "med  0.147180  0.844363  1.000000\n",
      "\n",
      "minlinreg\n",
      "\n",
      "maxcounts\n",
      "bert_large_cased_2    1024\n",
      "dtype: int64\n",
      "\n",
      "mincounts\n",
      "openai_transformer_12               972\n",
      "calypso_transformer_6_512_base_0     37\n",
      "elmo_4x4096_512_0                     9\n",
      "elmo_original_0                       3\n",
      "elmo_4x4096_512_4                     1\n",
      "openai_transformer_11                 1\n",
      "openai_transformer_0                  1\n",
      "dtype: int64\n",
      "\n",
      "corr_df_pctl\n",
      "          max       min       med\n",
      "max  1.000000  0.314058  0.524082\n",
      "min  0.314058  1.000000  0.839570\n",
      "med  0.524082  0.839570  1.000000\n",
      "\n",
      "maxlinreg\n",
      "\n",
      "maxcounts\n",
      "bert_large_cased_2    1024\n",
      "dtype: int64\n",
      "\n",
      "mincounts\n",
      "openai_transformer_12               972\n",
      "calypso_transformer_6_512_base_0     37\n",
      "elmo_4x4096_512_0                     9\n",
      "elmo_original_0                       3\n",
      "elmo_4x4096_512_4                     1\n",
      "openai_transformer_11                 1\n",
      "openai_transformer_0                  1\n",
      "dtype: int64\n",
      "\n",
      "corr_df_pctl\n",
      "          max       min       med\n",
      "max  1.000000  0.314058  0.524082\n",
      "min  0.314058  1.000000  0.839570\n",
      "med  0.524082  0.839570  1.000000\n",
      "\n",
      "mincorr\n",
      "\n",
      "maxcounts\n",
      "bert_large_cased_2    954\n",
      "bert_large_cased_0     70\n",
      "dtype: int64\n",
      "\n",
      "mincounts\n",
      "elmo_4x4096_512_2                   285\n",
      "elmo_4x4096_512_3                   149\n",
      "bert_base_cased_10                   56\n",
      "openai_transformer_12                43\n",
      "bert_base_cased_12                   40\n",
      "bert_large_cased_23                  38\n",
      "elmo_4x4096_512_4                    33\n",
      "elmo_original_2                      32\n",
      "bert_large_cased_22                  30\n",
      "elmo_original_1                      29\n",
      "calypso_transformer_6_512_base_6     29\n",
      "bert_base_cased_11                   27\n",
      "elmo_4x4096_512_1                    23\n",
      "bert_base_cased_9                    23\n",
      "bert_large_cased_18                  20\n",
      "bert_large_cased_21                  20\n",
      "bert_large_cased_24                  19\n",
      "bert_large_cased_19                  15\n",
      "openai_transformer_11                14\n",
      "bert_large_cased_17                  10\n",
      "elmo_original_0                       8\n",
