{
 "cells": [
  {
   "cell_type": "markdown",
   "metadata": {},
   "source": [
    "# Summary\n",
    "- Analysis of fine-tuned models"
   ]
  },
  {
   "cell_type": "code",
   "execution_count": 1,
   "metadata": {},
   "outputs": [],
   "source": [
    "import pickle\n",
    "import matplotlib.pyplot as plt\n",
    "import numpy as np\n",
    "import pandas as pd\n",
    "from os.path import basename, dirname\n",
    "import torch\n",
    "import seaborn as sns\n",
    "sns.set_context(\"talk\")\n",
    "sns.set_style(\"white\")\n",
    "\n",
    "from ipywidgets import FloatSlider, interactive\n",
    "import sys\n",
    "sys.path.append('..')\n",
    "from var import fname2mname, network2pair, network_sort_key"
   ]
  },
  {
   "cell_type": "code",
   "execution_count": 2,
   "metadata": {},
   "outputs": [],
   "source": [
    "# loading in them all made my machine run out of memory\n",
    "method_l = [\n",
    "     \"maxcorr\", \n",
    "     \"mincorr\", \n",
    "     \"maxlinreg\", \n",
    "     \"minlinreg\", \n",
    "    \"cca\", \n",
    "    \"lincka\", \n",
    "    # \"rbfcka\",\n",
    "]"
   ]
  },
  {
   "cell_type": "code",
   "execution_count": 3,
   "metadata": {},
   "outputs": [],
   "source": [
    "# Set `res_d`, `network_l`, `num_neurons_d`\n",
    "base = \"/data/sls/temp/belinkov/contextual-corr-analysis/repr_fine_results4_\"\n",
    "res_fname = {method : base + method for method in \n",
    "                method_l}\n",
    "\n",
    "res_d = {}\n",
    "for method in method_l:\n",
    "    with open(res_fname[method], 'rb') as f:\n",
    "        res_d[method] = pickle.load(f)\n",
    "\n",
    "network_l = [network for network in res_d[\"cca\"][\"corrs\"]]\n",
    "network_l = sorted(network_l, key=network_sort_key)\n",
    "\n",
    "num_neurons_d = {}\n",
    "for network in network_l:\n",
    "    num_neurons_d[network] = len(next(iter(res_d[\"cca\"][\"corrs\"][network].values()))) # god this is a hack"
   ]
  },
  {
   "cell_type": "code",
   "execution_count": 4,
   "metadata": {},
   "outputs": [
    {
     "data": {
      "text/plain": [
       "['bert_base_cased-ptb_pos_dev_mnli_include_embeddings.hdf5_0',\n",
       " 'bert_base_cased-ptb_pos_dev_mnli_include_embeddings.hdf5_1',\n",
       " 'bert_base_cased-ptb_pos_dev_mnli_include_embeddings.hdf5_2',\n",
       " 'bert_base_cased-ptb_pos_dev_mnli_include_embeddings.hdf5_3',\n",
       " 'bert_base_cased-ptb_pos_dev_mnli_include_embeddings.hdf5_4',\n",
       " 'bert_base_cased-ptb_pos_dev_mnli_include_embeddings.hdf5_5',\n",
       " 'bert_base_cased-ptb_pos_dev_mnli_include_embeddings.hdf5_6',\n",
       " 'bert_base_cased-ptb_pos_dev_mnli_include_embeddings.hdf5_7',\n",
       " 'bert_base_cased-ptb_pos_dev_mnli_include_embeddings.hdf5_8',\n",
       " 'bert_base_cased-ptb_pos_dev_mnli_include_embeddings.hdf5_9',\n",
       " 'bert_base_cased-ptb_pos_dev_mnli_include_embeddings.hdf5_10',\n",
       " 'bert_base_cased-ptb_pos_dev_mnli_include_embeddings.hdf5_11',\n",
       " 'bert_base_cased-ptb_pos_dev_mnli_include_embeddings.hdf5_12',\n",
       " 'bert_base_cased-ptb_pos_dev_qnli_include_embeddings.hdf5_0',\n",
       " 'bert_base_cased-ptb_pos_dev_qnli_include_embeddings.hdf5_1',\n",
       " 'bert_base_cased-ptb_pos_dev_qnli_include_embeddings.hdf5_2',\n",
       " 'bert_base_cased-ptb_pos_dev_qnli_include_embeddings.hdf5_3',\n",
       " 'bert_base_cased-ptb_pos_dev_qnli_include_embeddings.hdf5_4',\n",
       " 'bert_base_cased-ptb_pos_dev_qnli_include_embeddings.hdf5_5',\n",
       " 'bert_base_cased-ptb_pos_dev_qnli_include_embeddings.hdf5_6',\n",
       " 'bert_base_cased-ptb_pos_dev_qnli_include_embeddings.hdf5_7',\n",
       " 'bert_base_cased-ptb_pos_dev_qnli_include_embeddings.hdf5_8',\n",
       " 'bert_base_cased-ptb_pos_dev_qnli_include_embeddings.hdf5_9',\n",
       " 'bert_base_cased-ptb_pos_dev_qnli_include_embeddings.hdf5_10',\n",
       " 'bert_base_cased-ptb_pos_dev_qnli_include_embeddings.hdf5_11',\n",
       " 'bert_base_cased-ptb_pos_dev_qnli_include_embeddings.hdf5_12',\n",
       " 'bert_base_cased-ptb_pos_dev_qqp_include_embeddings.hdf5_0',\n",
       " 'bert_base_cased-ptb_pos_dev_qqp_include_embeddings.hdf5_1',\n",
       " 'bert_base_cased-ptb_pos_dev_qqp_include_embeddings.hdf5_2',\n",
       " 'bert_base_cased-ptb_pos_dev_qqp_include_embeddings.hdf5_3',\n",
       " 'bert_base_cased-ptb_pos_dev_qqp_include_embeddings.hdf5_4',\n",
       " 'bert_base_cased-ptb_pos_dev_qqp_include_embeddings.hdf5_5',\n",
       " 'bert_base_cased-ptb_pos_dev_qqp_include_embeddings.hdf5_6',\n",
       " 'bert_base_cased-ptb_pos_dev_qqp_include_embeddings.hdf5_7',\n",
       " 'bert_base_cased-ptb_pos_dev_qqp_include_embeddings.hdf5_8',\n",
       " 'bert_base_cased-ptb_pos_dev_qqp_include_embeddings.hdf5_9',\n",
       " 'bert_base_cased-ptb_pos_dev_qqp_include_embeddings.hdf5_10',\n",
       " 'bert_base_cased-ptb_pos_dev_qqp_include_embeddings.hdf5_11',\n",
       " 'bert_base_cased-ptb_pos_dev_qqp_include_embeddings.hdf5_12',\n",
       " 'bert_base_cased-ptb_pos_dev_sst-2_include_embeddings.hdf5_0',\n",
       " 'bert_base_cased-ptb_pos_dev_sst-2_include_embeddings.hdf5_1',\n",
       " 'bert_base_cased-ptb_pos_dev_sst-2_include_embeddings.hdf5_2',\n",
       " 'bert_base_cased-ptb_pos_dev_sst-2_include_embeddings.hdf5_3',\n",
       " 'bert_base_cased-ptb_pos_dev_sst-2_include_embeddings.hdf5_4',\n",
       " 'bert_base_cased-ptb_pos_dev_sst-2_include_embeddings.hdf5_5',\n",
       " 'bert_base_cased-ptb_pos_dev_sst-2_include_embeddings.hdf5_6',\n",
       " 'bert_base_cased-ptb_pos_dev_sst-2_include_embeddings.hdf5_7',\n",
       " 'bert_base_cased-ptb_pos_dev_sst-2_include_embeddings.hdf5_8',\n",
       " 'bert_base_cased-ptb_pos_dev_sst-2_include_embeddings.hdf5_9',\n",
       " 'bert_base_cased-ptb_pos_dev_sst-2_include_embeddings.hdf5_10',\n",
       " 'bert_base_cased-ptb_pos_dev_sst-2_include_embeddings.hdf5_11',\n",
       " 'bert_base_cased-ptb_pos_dev_sst-2_include_embeddings.hdf5_12',\n",
       " 'bert_base_cased-ptb_pos_dev_unfine_include_embeddings.hdf5_0',\n",
       " 'bert_base_cased-ptb_pos_dev_unfine_include_embeddings.hdf5_1',\n",
       " 'bert_base_cased-ptb_pos_dev_unfine_include_embeddings.hdf5_2',\n",
       " 'bert_base_cased-ptb_pos_dev_unfine_include_embeddings.hdf5_3',\n",
       " 'bert_base_cased-ptb_pos_dev_unfine_include_embeddings.hdf5_4',\n",
       " 'bert_base_cased-ptb_pos_dev_unfine_include_embeddings.hdf5_5',\n",
       " 'bert_base_cased-ptb_pos_dev_unfine_include_embeddings.hdf5_6',\n",
       " 'bert_base_cased-ptb_pos_dev_unfine_include_embeddings.hdf5_7',\n",
       " 'bert_base_cased-ptb_pos_dev_unfine_include_embeddings.hdf5_8',\n",
       " 'bert_base_cased-ptb_pos_dev_unfine_include_embeddings.hdf5_9',\n",
       " 'bert_base_cased-ptb_pos_dev_unfine_include_embeddings.hdf5_10',\n",
       " 'bert_base_cased-ptb_pos_dev_unfine_include_embeddings.hdf5_11',\n",
       " 'bert_base_cased-ptb_pos_dev_unfine_include_embeddings.hdf5_12']"
      ]
     },
     "execution_count": 4,
     "metadata": {},
     "output_type": "execute_result"
    }
   ],
   "source": [
    "network_l"
   ]
  },
  {
   "cell_type": "markdown",
   "metadata": {},
   "source": [
    "# MaxCorr, MinCorr, MaxLinReg, MinLinReg"
   ]
  },
  {
   "cell_type": "markdown",
   "metadata": {},
   "source": [
    "### Sorts"
   ]
  },
  {
   "cell_type": "code",
   "execution_count": 5,
   "metadata": {},
   "outputs": [],
   "source": [
    "rk_methods = {\"maxcorr\", \"mincorr\", \"maxlinreg\", \"minlinreg\"}"
   ]
  },
  {
   "cell_type": "code",
   "execution_count": 6,
   "metadata": {},
   "outputs": [],
   "source": [
    "neuron_sorts = {network: {} for network in network_l}\n",
    "for network in network_l:\n",
    "    for method in rk_methods:\n",
    "        neuron_sorts[network][method] = res_d[method][\"neuron_sort\"][network]"
   ]
  },
  {
   "cell_type": "code",
   "execution_count": 7,
   "metadata": {},
   "outputs": [],
   "source": [
    "# Set `rk_ar_d`, `rk_df_d`, `spearman_d`\n",
    "rk_ar_d = {}\n",
    "rk_df_d = {}\n",
    "spearman_d = {}\n",
    "for network in network_l:\n",
    "    # rk_ar[method_ix, neuron] = rank\n",
    "    # need to invert the permutation\n",
    "    rk_ar = np.stack([\n",
    "            [neuron_sorts[network][method].index(neuron) for neuron in range(len(neuron_sorts[network][method]))]\n",
    "                      for method in rk_methods\n",
    "    ]).T\n",
    "    rk_df = pd.DataFrame(rk_ar, columns=list(rk_methods))\n",
    "    \n",
    "    rk_ar_d[network] = rk_ar\n",
    "    rk_df_d[network] = rk_df\n",
    "    spearman_d[network] = rk_df.corr()"
   ]
  },
  {
   "cell_type": "code",
   "execution_count": 8,
   "metadata": {},
   "outputs": [
    {
     "name": "stdout",
     "output_type": "stream",
     "text": [
      "bert_base_cased-ptb_pos_dev_mnli_include_embeddings.hdf5_0\n",
      "           minlinreg   mincorr   maxcorr  maxlinreg\n",
      "minlinreg   1.000000  0.278761  0.394246   0.461015\n",
      "mincorr     0.278761  1.000000  0.102642   0.131333\n",
      "maxcorr     0.394246  0.102642  1.000000   0.786421\n",
      "maxlinreg   0.461015  0.131333  0.786421   1.000000\n",
      "bert_base_cased-ptb_pos_dev_mnli_include_embeddings.hdf5_1\n",
      "           minlinreg   mincorr   maxcorr  maxlinreg\n",
      "minlinreg   1.000000  0.364858  0.117047   0.116570\n",
      "mincorr     0.364858  1.000000 -0.106539  -0.101160\n",
      "maxcorr     0.117047 -0.106539  1.000000   0.941126\n",
      "maxlinreg   0.116570 -0.101160  0.941126   1.000000\n",
      "bert_base_cased-ptb_pos_dev_mnli_include_embeddings.hdf5_2\n",
      "           minlinreg   mincorr   maxcorr  maxlinreg\n",
      "minlinreg   1.000000  0.342309  0.097493   0.154233\n",
      "mincorr     0.342309  1.000000 -0.139686  -0.128575\n",
      "maxcorr     0.097493 -0.139686  1.000000   0.968529\n",
      "maxlinreg   0.154233 -0.128575  0.968529   1.000000\n",
      "bert_base_cased-ptb_pos_dev_mnli_include_embeddings.hdf5_3\n",
      "           minlinreg   mincorr   maxcorr  maxlinreg\n",
      "minlinreg   1.000000  0.337478  0.229871   0.277535\n",
      "mincorr     0.337478  1.000000 -0.100128  -0.093991\n",
      "maxcorr     0.229871 -0.100128  1.000000   0.981602\n",
      "maxlinreg   0.277535 -0.093991  0.981602   1.000000\n",
      "bert_base_cased-ptb_pos_dev_mnli_include_embeddings.hdf5_4\n",
      "           minlinreg   mincorr   maxcorr  maxlinreg\n",
      "minlinreg   1.000000  0.308609  0.268464   0.374688\n",
      "mincorr     0.308609  1.000000 -0.132792  -0.105420\n",
      "maxcorr     0.268464 -0.132792  1.000000   0.968022\n",
      "maxlinreg   0.374688 -0.105420  0.968022   1.000000\n",
      "bert_base_cased-ptb_pos_dev_mnli_include_embeddings.hdf5_5\n",
      "           minlinreg   mincorr   maxcorr  maxlinreg\n",
      "minlinreg   1.000000  0.374078  0.292874   0.403126\n",
      "mincorr     0.374078  1.000000 -0.151862  -0.096662\n",
      "maxcorr     0.292874 -0.151862  1.000000   0.954260\n",
      "maxlinreg   0.403126 -0.096662  0.954260   1.000000\n",
      "bert_base_cased-ptb_pos_dev_mnli_include_embeddings.hdf5_6\n",
      "           minlinreg   mincorr   maxcorr  maxlinreg\n",
      "minlinreg   1.000000  0.414193  0.357650   0.441283\n",
      "mincorr     0.414193  1.000000 -0.114232  -0.083087\n",
      "maxcorr     0.357650 -0.114232  1.000000   0.943111\n",
      "maxlinreg   0.441283 -0.083087  0.943111   1.000000\n",
      "bert_base_cased-ptb_pos_dev_mnli_include_embeddings.hdf5_7\n",
      "           minlinreg   mincorr   maxcorr  maxlinreg\n",
      "minlinreg   1.000000  0.425156  0.401712   0.492333\n",
      "mincorr     0.425156  1.000000 -0.023475   0.003076\n",
      "maxcorr     0.401712 -0.023475  1.000000   0.904912\n",
      "maxlinreg   0.492333  0.003076  0.904912   1.000000\n",
      "bert_base_cased-ptb_pos_dev_mnli_include_embeddings.hdf5_8\n",
      "           minlinreg   mincorr   maxcorr  maxlinreg\n",
      "minlinreg   1.000000  0.388560  0.431726   0.564104\n",
      "mincorr     0.388560  1.000000  0.002632   0.041612\n",
      "maxcorr     0.431726  0.002632  1.000000   0.815378\n",
      "maxlinreg   0.564104  0.041612  0.815378   1.000000\n",
      "bert_base_cased-ptb_pos_dev_mnli_include_embeddings.hdf5_9\n",
      "           minlinreg   mincorr   maxcorr  maxlinreg\n",
      "minlinreg   1.000000  0.291333  0.456030   0.552984\n",
      "mincorr     0.291333  1.000000  0.058452   0.138288\n",
      "maxcorr     0.456030  0.058452  1.000000   0.741147\n",
      "maxlinreg   0.552984  0.138288  0.741147   1.000000\n",
      "bert_base_cased-ptb_pos_dev_mnli_include_embeddings.hdf5_10\n",
      "           minlinreg   mincorr   maxcorr  maxlinreg\n",
      "minlinreg   1.000000  0.267602  0.350706   0.376916\n",
      "mincorr     0.267602  1.000000  0.145072   0.217084\n",
      "maxcorr     0.350706  0.145072  1.000000   0.584993\n",
      "maxlinreg   0.376916  0.217084  0.584993   1.000000\n",
      "bert_base_cased-ptb_pos_dev_mnli_include_embeddings.hdf5_11\n",
      "           minlinreg   mincorr   maxcorr  maxlinreg\n",
      "minlinreg   1.000000  0.347347  0.159073   0.199551\n",
      "mincorr     0.347347  1.000000  0.061421   0.240614\n",
      "maxcorr     0.159073  0.061421  1.000000   0.457306\n",
      "maxlinreg   0.199551  0.240614  0.457306   1.000000\n",
      "bert_base_cased-ptb_pos_dev_mnli_include_embeddings.hdf5_12\n",
      "           minlinreg   mincorr   maxcorr  maxlinreg\n",
      "minlinreg   1.000000  0.497934  0.140763   0.121743\n",
      "mincorr     0.497934  1.000000  0.044618   0.121630\n",
      "maxcorr     0.140763  0.044618  1.000000   0.440826\n",
      "maxlinreg   0.121743  0.121630  0.440826   1.000000\n",
      "bert_base_cased-ptb_pos_dev_qnli_include_embeddings.hdf5_0\n",
      "           minlinreg   mincorr   maxcorr  maxlinreg\n",
      "minlinreg   1.000000  0.246837  0.380312   0.382747\n",
      "mincorr     0.246837  1.000000  0.118505   0.140055\n",
      "maxcorr     0.380312  0.118505  1.000000   0.835223\n",
      "maxlinreg   0.382747  0.140055  0.835223   1.000000\n",
      "bert_base_cased-ptb_pos_dev_qnli_include_embeddings.hdf5_1\n",
      "           minlinreg   mincorr   maxcorr  maxlinreg\n",
      "minlinreg   1.000000  0.408304  0.055662   0.114916\n",
      "mincorr     0.408304  1.000000 -0.179462  -0.168187\n",
      "maxcorr     0.055662 -0.179462  1.000000   0.868550\n",
      "maxlinreg   0.114916 -0.168187  0.868550   1.000000\n",
      "bert_base_cased-ptb_pos_dev_qnli_include_embeddings.hdf5_2\n",
      "           minlinreg   mincorr   maxcorr  maxlinreg\n",
      "minlinreg   1.000000  0.392349  0.115849   0.160668\n",
      "mincorr     0.392349  1.000000 -0.200815  -0.197040\n",
      "maxcorr     0.115849 -0.200815  1.000000   0.946879\n",
      "maxlinreg   0.160668 -0.197040  0.946879   1.000000\n",
      "bert_base_cased-ptb_pos_dev_qnli_include_embeddings.hdf5_3\n",
      "           minlinreg   mincorr   maxcorr  maxlinreg\n",
      "minlinreg   1.000000  0.304794  0.256856   0.311604\n",
      "mincorr     0.304794  1.000000 -0.140995  -0.136620\n",
      "maxcorr     0.256856 -0.140995  1.000000   0.979082\n",
      "maxlinreg   0.311604 -0.136620  0.979082   1.000000\n",
      "bert_base_cased-ptb_pos_dev_qnli_include_embeddings.hdf5_4\n",
      "           minlinreg   mincorr   maxcorr  maxlinreg\n",
      "minlinreg   1.000000  0.330695  0.336544   0.393324\n",
      "mincorr     0.330695  1.000000 -0.123336  -0.104412\n",
      "maxcorr     0.336544 -0.123336  1.000000   0.973085\n",
      "maxlinreg   0.393324 -0.104412  0.973085   1.000000\n",
      "bert_base_cased-ptb_pos_dev_qnli_include_embeddings.hdf5_5\n",
      "           minlinreg   mincorr   maxcorr  maxlinreg\n",
      "minlinreg   1.000000  0.342973  0.282404   0.384089\n",
      "mincorr     0.342973  1.000000 -0.128688  -0.094240\n",
      "maxcorr     0.282404 -0.128688  1.000000   0.966258\n",
      "maxlinreg   0.384089 -0.094240  0.966258   1.000000\n",
      "bert_base_cased-ptb_pos_dev_qnli_include_embeddings.hdf5_6\n",
      "           minlinreg   mincorr   maxcorr  maxlinreg\n",
      "minlinreg   1.000000  0.376505  0.430729   0.487411\n",
      "mincorr     0.376505  1.000000 -0.034803  -0.021482\n",
      "maxcorr     0.430729 -0.034803  1.000000   0.958765\n",
      "maxlinreg   0.487411 -0.021482  0.958765   1.000000\n",
      "bert_base_cased-ptb_pos_dev_qnli_include_embeddings.hdf5_7\n",
      "           minlinreg   mincorr   maxcorr  maxlinreg\n",
      "minlinreg   1.000000  0.414416  0.451582   0.503575\n",
      "mincorr     0.414416  1.000000  0.023618   0.032012\n",
      "maxcorr     0.451582  0.023618  1.000000   0.948482\n",
      "maxlinreg   0.503575  0.032012  0.948482   1.000000\n",
      "bert_base_cased-ptb_pos_dev_qnli_include_embeddings.hdf5_8\n",
      "           minlinreg   mincorr   maxcorr  maxlinreg\n",
      "minlinreg   1.000000  0.354291  0.462702   0.537365\n",
      "mincorr     0.354291  1.000000  0.032031   0.031906\n",
      "maxcorr     0.462702  0.032031  1.000000   0.922081\n",
      "maxlinreg   0.537365  0.031906  0.922081   1.000000\n",
      "bert_base_cased-ptb_pos_dev_qnli_include_embeddings.hdf5_9\n",
      "           minlinreg   mincorr   maxcorr  maxlinreg\n",
      "minlinreg   1.000000  0.413521  0.436280   0.555713\n",
      "mincorr     0.413521  1.000000  0.083996   0.113992\n",
      "maxcorr     0.436280  0.083996  1.000000   0.820048\n",
      "maxlinreg   0.555713  0.113992  0.820048   1.000000\n",
      "bert_base_cased-ptb_pos_dev_qnli_include_embeddings.hdf5_10\n",
      "           minlinreg   mincorr   maxcorr  maxlinreg\n",
      "minlinreg   1.000000  0.382507  0.391336   0.565182\n",
      "mincorr     0.382507  1.000000  0.051531   0.093091\n",
      "maxcorr     0.391336  0.051531  1.000000   0.666989\n",
      "maxlinreg   0.565182  0.093091  0.666989   1.000000\n",
      "bert_base_cased-ptb_pos_dev_qnli_include_embeddings.hdf5_11\n",
      "           minlinreg   mincorr   maxcorr  maxlinreg\n",
      "minlinreg   1.000000  0.331542  0.357173   0.492191\n",
      "mincorr     0.331542  1.000000  0.015730   0.135409\n",
      "maxcorr     0.357173  0.015730  1.000000   0.397441\n",
      "maxlinreg   0.492191  0.135409  0.397441   1.000000\n",
      "bert_base_cased-ptb_pos_dev_qnli_include_embeddings.hdf5_12\n",
      "           minlinreg   mincorr   maxcorr  maxlinreg\n",
      "minlinreg   1.000000  0.519180  0.078381   0.496428\n",
      "mincorr     0.519180  1.000000 -0.042231   0.281054\n",
      "maxcorr     0.078381 -0.042231  1.000000   0.497477\n",
      "maxlinreg   0.496428  0.281054  0.497477   1.000000\n",
      "bert_base_cased-ptb_pos_dev_qqp_include_embeddings.hdf5_0\n",
      "           minlinreg   mincorr   maxcorr  maxlinreg\n",
      "minlinreg   1.000000  0.242104  0.402018   0.416208\n",
      "mincorr     0.242104  1.000000  0.109488   0.131727\n",
      "maxcorr     0.402018  0.109488  1.000000   0.816135\n",
      "maxlinreg   0.416208  0.131727  0.816135   1.000000\n",
      "bert_base_cased-ptb_pos_dev_qqp_include_embeddings.hdf5_1\n",
      "           minlinreg   mincorr   maxcorr  maxlinreg\n",
      "minlinreg   1.000000  0.355018  0.050293   0.114926\n",
      "mincorr     0.355018  1.000000 -0.136775  -0.167400\n",
      "maxcorr     0.050293 -0.136775  1.000000   0.840226\n",
      "maxlinreg   0.114926 -0.167400  0.840226   1.000000\n",
      "bert_base_cased-ptb_pos_dev_qqp_include_embeddings.hdf5_2\n",
      "           minlinreg   mincorr   maxcorr  maxlinreg\n",
      "minlinreg   1.000000  0.369660  0.073881   0.119426\n",
      "mincorr     0.369660  1.000000 -0.201464  -0.185782\n",
      "maxcorr     0.073881 -0.201464  1.000000   0.942339\n",
      "maxlinreg   0.119426 -0.185782  0.942339   1.000000\n",
      "bert_base_cased-ptb_pos_dev_qqp_include_embeddings.hdf5_3\n",
      "           minlinreg   mincorr   maxcorr  maxlinreg\n",
      "minlinreg   1.000000  0.321071  0.206581   0.256328\n",
      "mincorr     0.321071  1.000000 -0.128078  -0.119275\n",
      "maxcorr     0.206581 -0.128078  1.000000   0.974484\n",
      "maxlinreg   0.256328 -0.119275  0.974484   1.000000\n",
      "bert_base_cased-ptb_pos_dev_qqp_include_embeddings.hdf5_4\n",
      "           minlinreg   mincorr   maxcorr  maxlinreg\n",
      "minlinreg   1.000000  0.251018  0.337865   0.387674\n",
      "mincorr     0.251018  1.000000 -0.133165  -0.122653\n",
      "maxcorr     0.337865 -0.133165  1.000000   0.979577\n",
      "maxlinreg   0.387674 -0.122653  0.979577   1.000000\n",
      "bert_base_cased-ptb_pos_dev_qqp_include_embeddings.hdf5_5\n",
      "           minlinreg   mincorr   maxcorr  maxlinreg\n",
      "minlinreg   1.000000  0.284730  0.364936   0.424320\n",
      "mincorr     0.284730  1.000000 -0.096879  -0.080997\n",
      "maxcorr     0.364936 -0.096879  1.000000   0.982063\n",
      "maxlinreg   0.424320 -0.080997  0.982063   1.000000\n",
      "bert_base_cased-ptb_pos_dev_qqp_include_embeddings.hdf5_6\n",
      "           minlinreg   mincorr   maxcorr  maxlinreg\n",
      "minlinreg   1.000000  0.333764  0.464720   0.546264\n",
      "mincorr     0.333764  1.000000 -0.003218   0.024357\n",
      "maxcorr     0.464720 -0.003218  1.000000   0.972312\n",
      "maxlinreg   0.546264  0.024357  0.972312   1.000000\n",
      "bert_base_cased-ptb_pos_dev_qqp_include_embeddings.hdf5_7\n",
      "           minlinreg   mincorr   maxcorr  maxlinreg\n",
      "minlinreg   1.000000  0.313150  0.531331   0.583796\n",
      "mincorr     0.313150  1.000000  0.035689   0.049195\n",
      "maxcorr     0.531331  0.035689  1.000000   0.965885\n",
      "maxlinreg   0.583796  0.049195  0.965885   1.000000\n",
      "bert_base_cased-ptb_pos_dev_qqp_include_embeddings.hdf5_8\n",
      "           minlinreg   mincorr   maxcorr  maxlinreg\n",
      "minlinreg   1.000000  0.329689  0.429459   0.524044\n",
      "mincorr     0.329689  1.000000 -0.017394   0.035350\n",
      "maxcorr     0.429459 -0.017394  1.000000   0.938963\n",
      "maxlinreg   0.524044  0.035350  0.938963   1.000000\n",
      "bert_base_cased-ptb_pos_dev_qqp_include_embeddings.hdf5_9\n",
      "           minlinreg   mincorr   maxcorr  maxlinreg\n",
      "minlinreg   1.000000  0.325722  0.421259   0.538642\n",
      "mincorr     0.325722  1.000000  0.057102   0.080024\n",
      "maxcorr     0.421259  0.057102  1.000000   0.871865\n",
      "maxlinreg   0.538642  0.080024  0.871865   1.000000\n",
      "bert_base_cased-ptb_pos_dev_qqp_include_embeddings.hdf5_10\n",
      "           minlinreg   mincorr   maxcorr  maxlinreg\n",
      "minlinreg   1.000000  0.333856  0.386149   0.568645\n",
      "mincorr     0.333856  1.000000  0.092447   0.110239\n",
      "maxcorr     0.386149  0.092447  1.000000   0.688479\n",
      "maxlinreg   0.568645  0.110239  0.688479   1.000000\n",
      "bert_base_cased-ptb_pos_dev_qqp_include_embeddings.hdf5_11\n",
      "           minlinreg   mincorr   maxcorr  maxlinreg\n",
      "minlinreg   1.000000  0.232115  0.352946   0.511297\n",
      "mincorr     0.232115  1.000000 -0.022689   0.160906\n",
      "maxcorr     0.352946 -0.022689  1.000000   0.558092\n",
      "maxlinreg   0.511297  0.160906  0.558092   1.000000\n",
      "bert_base_cased-ptb_pos_dev_qqp_include_embeddings.hdf5_12\n",
      "           minlinreg   mincorr   maxcorr  maxlinreg\n",
      "minlinreg   1.000000  0.075492  0.357310   0.285530\n",
      "mincorr     0.075492  1.000000  0.073203   0.126975\n",
      "maxcorr     0.357310  0.073203  1.000000   0.467353\n",
      "maxlinreg   0.285530  0.126975  0.467353   1.000000\n",
      "bert_base_cased-ptb_pos_dev_sst-2_include_embeddings.hdf5_0\n",
      "           minlinreg   mincorr   maxcorr  maxlinreg\n",
      "minlinreg   1.000000  0.227574  0.351734   0.341278\n",
      "mincorr     0.227574  1.000000  0.146538   0.151132\n",
      "maxcorr     0.351734  0.146538  1.000000   0.840166\n",
      "maxlinreg   0.341278  0.151132  0.840166   1.000000\n",
      "bert_base_cased-ptb_pos_dev_sst-2_include_embeddings.hdf5_1\n",
      "           minlinreg   mincorr   maxcorr  maxlinreg\n",
      "minlinreg   1.000000  0.430703 -0.023541   0.022650\n",
      "mincorr     0.430703  1.000000 -0.251941  -0.264042\n",
      "maxcorr    -0.023541 -0.251941  1.000000   0.870599\n",
      "maxlinreg   0.022650 -0.264042  0.870599   1.000000\n",
      "bert_base_cased-ptb_pos_dev_sst-2_include_embeddings.hdf5_2\n",
      "           minlinreg   mincorr   maxcorr  maxlinreg\n",
      "minlinreg   1.000000  0.448781 -0.002366   0.061431\n",
      "mincorr     0.448781  1.000000 -0.255761  -0.221911\n",
      "maxcorr    -0.002366 -0.255761  1.000000   0.932993\n",
      "maxlinreg   0.061431 -0.221911  0.932993   1.000000\n",
      "bert_base_cased-ptb_pos_dev_sst-2_include_embeddings.hdf5_3\n",
      "           minlinreg   mincorr   maxcorr  maxlinreg\n",
      "minlinreg   1.000000  0.352678  0.229025   0.275211\n",
      "mincorr     0.352678  1.000000 -0.149023  -0.161565\n",
      "maxcorr     0.229025 -0.149023  1.000000   0.955926\n",
      "maxlinreg   0.275211 -0.161565  0.955926   1.000000\n",
      "bert_base_cased-ptb_pos_dev_sst-2_include_embeddings.hdf5_4\n",
      "           minlinreg   mincorr   maxcorr  maxlinreg\n",
      "minlinreg   1.000000  0.347667  0.403957   0.450223\n",
      "mincorr     0.347667  1.000000 -0.082936  -0.072170\n",
      "maxcorr     0.403957 -0.082936  1.000000   0.970254\n",
      "maxlinreg   0.450223 -0.072170  0.970254   1.000000\n",
      "bert_base_cased-ptb_pos_dev_sst-2_include_embeddings.hdf5_5\n",
      "           minlinreg   mincorr   maxcorr  maxlinreg\n",
      "minlinreg   1.000000  0.552483  0.342748   0.467192\n",
      "mincorr     0.552483  1.000000 -0.059746   0.036490\n",
      "maxcorr     0.342748 -0.059746  1.000000   0.952604\n",
      "maxlinreg   0.467192  0.036490  0.952604   1.000000\n",
      "bert_base_cased-ptb_pos_dev_sst-2_include_embeddings.hdf5_6\n",
      "           minlinreg   mincorr   maxcorr  maxlinreg\n",
      "minlinreg   1.000000  0.637546  0.477597   0.569887\n",
      "mincorr     0.637546  1.000000  0.116511   0.160555\n",
      "maxcorr     0.477597  0.116511  1.000000   0.953167\n",
      "maxlinreg   0.569887  0.160555  0.953167   1.000000\n",
      "bert_base_cased-ptb_pos_dev_sst-2_include_embeddings.hdf5_7\n",
      "           minlinreg   mincorr   maxcorr  maxlinreg\n",
      "minlinreg   1.000000  0.659026  0.590001   0.694487\n",
      "mincorr     0.659026  1.000000  0.275343   0.348199\n",
      "maxcorr     0.590001  0.275343  1.000000   0.922863\n",
      "maxlinreg   0.694487  0.348199  0.922863   1.000000\n",
      "bert_base_cased-ptb_pos_dev_sst-2_include_embeddings.hdf5_8\n",
      "           minlinreg   mincorr   maxcorr  maxlinreg\n",
      "minlinreg   1.000000  0.398417  0.645166   0.625927\n",
      "mincorr     0.398417  1.000000  0.320929   0.490000\n",
      "maxcorr     0.645166  0.320929  1.000000   0.764574\n",
      "maxlinreg   0.625927  0.490000  0.764574   1.000000\n",
      "bert_base_cased-ptb_pos_dev_sst-2_include_embeddings.hdf5_9\n",
      "           minlinreg   mincorr   maxcorr  maxlinreg\n",
      "minlinreg   1.000000  0.797910 -0.076151  -0.350070\n",
      "mincorr     0.797910  1.000000 -0.136909  -0.279220\n",
      "maxcorr    -0.076151 -0.136909  1.000000   0.717929\n",
      "maxlinreg  -0.350070 -0.279220  0.717929   1.000000\n",
      "bert_base_cased-ptb_pos_dev_sst-2_include_embeddings.hdf5_10\n",
      "           minlinreg   mincorr   maxcorr  maxlinreg\n",
      "minlinreg   1.000000  0.592432  0.033595  -0.018730\n",
      "mincorr     0.592432  1.000000 -0.394011  -0.418772\n",
      "maxcorr     0.033595 -0.394011  1.000000   0.963509\n",
      "maxlinreg  -0.018730 -0.418772  0.963509   1.000000\n",
      "bert_base_cased-ptb_pos_dev_sst-2_include_embeddings.hdf5_11\n",
      "           minlinreg   mincorr   maxcorr  maxlinreg\n",
      "minlinreg   1.000000  0.861869  0.601829   0.456067\n",
      "mincorr     0.861869  1.000000  0.383609   0.237379\n",
      "maxcorr     0.601829  0.383609  1.000000   0.871687\n",
      "maxlinreg   0.456067  0.237379  0.871687   1.000000\n",
      "bert_base_cased-ptb_pos_dev_sst-2_include_embeddings.hdf5_12\n",
      "           minlinreg   mincorr   maxcorr  maxlinreg\n",
      "minlinreg   1.000000  0.970554  0.263502   0.513728\n",
      "mincorr     0.970554  1.000000  0.204035   0.448099\n",
      "maxcorr     0.263502  0.204035  1.000000   0.858821\n",
      "maxlinreg   0.513728  0.448099  0.858821   1.000000\n",
      "bert_base_cased-ptb_pos_dev_unfine_include_embeddings.hdf5_0\n",
      "           minlinreg   mincorr   maxcorr  maxlinreg\n",
      "minlinreg   1.000000  0.236277  0.331773   0.310312\n",
      "mincorr     0.236277  1.000000  0.130157   0.126203\n",
      "maxcorr     0.331773  0.130157  1.000000   0.835299\n",
      "maxlinreg   0.310312  0.126203  0.835299   1.000000\n",
      "bert_base_cased-ptb_pos_dev_unfine_include_embeddings.hdf5_1\n",
      "           minlinreg   mincorr   maxcorr  maxlinreg\n",
      "minlinreg   1.000000  0.413914 -0.008430   0.059940\n",
      "mincorr     0.413914  1.000000 -0.222089  -0.211381\n",
      "maxcorr    -0.008430 -0.222089  1.000000   0.831162\n",
      "maxlinreg   0.059940 -0.211381  0.831162   1.000000\n",
      "bert_base_cased-ptb_pos_dev_unfine_include_embeddings.hdf5_2\n",
      "           minlinreg   mincorr   maxcorr  maxlinreg\n",
      "minlinreg   1.000000  0.377554  0.086731   0.121875\n",
      "mincorr     0.377554  1.000000 -0.206003  -0.210191\n",
      "maxcorr     0.086731 -0.206003  1.000000   0.932013\n",
      "maxlinreg   0.121875 -0.210191  0.932013   1.000000\n",
      "bert_base_cased-ptb_pos_dev_unfine_include_embeddings.hdf5_3\n",
      "           minlinreg   mincorr   maxcorr  maxlinreg\n",
      "minlinreg   1.000000  0.325733  0.256989   0.286794\n",
      "mincorr     0.325733  1.000000 -0.135482  -0.134339\n",
      "maxcorr     0.256989 -0.135482  1.000000   0.977104\n",
      "maxlinreg   0.286794 -0.134339  0.977104   1.000000\n",
      "bert_base_cased-ptb_pos_dev_unfine_include_embeddings.hdf5_4\n",
      "           minlinreg   mincorr   maxcorr  maxlinreg\n",
      "minlinreg   1.000000  0.303410  0.362851   0.408015\n",
      "mincorr     0.303410  1.000000 -0.114211  -0.099574\n",
      "maxcorr     0.362851 -0.114211  1.000000   0.986012\n",
      "maxlinreg   0.408015 -0.099574  0.986012   1.000000\n",
      "bert_base_cased-ptb_pos_dev_unfine_include_embeddings.hdf5_5\n",
      "           minlinreg   mincorr   maxcorr  maxlinreg\n",
      "minlinreg   1.000000  0.264642  0.377207   0.443164\n",
      "mincorr     0.264642  1.000000 -0.111516  -0.095978\n",
      "maxcorr     0.377207 -0.111516  1.000000   0.982313\n",
      "maxlinreg   0.443164 -0.095978  0.982313   1.000000\n",
      "bert_base_cased-ptb_pos_dev_unfine_include_embeddings.hdf5_6\n",
      "           minlinreg   mincorr   maxcorr  maxlinreg\n",
      "minlinreg   1.000000  0.251377  0.519608   0.571880\n",
      "mincorr     0.251377  1.000000 -0.044262  -0.030179\n",
      "maxcorr     0.519608 -0.044262  1.000000   0.985295\n",
      "maxlinreg   0.571880 -0.030179  0.985295   1.000000\n",
      "bert_base_cased-ptb_pos_dev_unfine_include_embeddings.hdf5_7\n",
      "           minlinreg   mincorr   maxcorr  maxlinreg\n",
      "minlinreg   1.000000  0.243503  0.574656   0.612997\n",
      "mincorr     0.243503  1.000000  0.011954   0.020571\n",
      "maxcorr     0.574656  0.011954  1.000000   0.981315\n",
      "maxlinreg   0.612997  0.020571  0.981315   1.000000\n",
      "bert_base_cased-ptb_pos_dev_unfine_include_embeddings.hdf5_8\n",
      "           minlinreg   mincorr   maxcorr  maxlinreg\n",
      "minlinreg   1.000000  0.246668  0.565835   0.614325\n",
      "mincorr     0.246668  1.000000  0.026341   0.022872\n",
      "maxcorr     0.565835  0.026341  1.000000   0.971694\n",
      "maxlinreg   0.614325  0.022872  0.971694   1.000000\n",
      "bert_base_cased-ptb_pos_dev_unfine_include_embeddings.hdf5_9\n",
      "           minlinreg   mincorr   maxcorr  maxlinreg\n",
      "minlinreg   1.000000  0.292702  0.562132   0.591155\n",
      "mincorr     0.292702  1.000000  0.033501   0.037789\n",
      "maxcorr     0.562132  0.033501  1.000000   0.963455\n",
      "maxlinreg   0.591155  0.037789  0.963455   1.000000\n",
      "bert_base_cased-ptb_pos_dev_unfine_include_embeddings.hdf5_10\n",
      "           minlinreg   mincorr   maxcorr  maxlinreg\n",
      "minlinreg   1.000000  0.267453  0.546805   0.576560\n",
      "mincorr     0.267453  1.000000  0.026739   0.001916\n",
      "maxcorr     0.546805  0.026739  1.000000   0.931798\n",
      "maxlinreg   0.576560  0.001916  0.931798   1.000000\n",
      "bert_base_cased-ptb_pos_dev_unfine_include_embeddings.hdf5_11\n",
      "           minlinreg   mincorr   maxcorr  maxlinreg\n",
      "minlinreg   1.000000  0.294983  0.496370   0.517872\n",
      "mincorr     0.294983  1.000000  0.041211   0.023286\n",
      "maxcorr     0.496370  0.041211  1.000000   0.937529\n",
      "maxlinreg   0.517872  0.023286  0.937529   1.000000\n",
      "bert_base_cased-ptb_pos_dev_unfine_include_embeddings.hdf5_12\n",
      "           minlinreg   mincorr   maxcorr  maxlinreg\n",
      "minlinreg   1.000000  0.308884  0.333924   0.484137\n",
      "mincorr     0.308884  1.000000 -0.012913   0.052169\n",
      "maxcorr     0.333924 -0.012913  1.000000   0.790583\n",
      "maxlinreg   0.484137  0.052169  0.790583   1.000000\n"
     ]
    }
   ],
   "source": [
    "for network in network_l:\n",
    "    print(network)\n",
    "    # print(rk_df_d[network])\n",
    "    print(spearman_d[network])"
   ]
  },
  {
   "cell_type": "markdown",
   "metadata": {},
   "source": [
    "### Distributions"
   ]
  },
  {
   "cell_type": "code",
   "execution_count": 9,
   "metadata": {},
   "outputs": [
    {
     "name": "stdout",
     "output_type": "stream",
     "text": [
      "\n",
      "\n",
      "bert_base_cased-ptb_pos_dev_mnli_include_embeddings.hdf5_0:\n",
      "\n",
      "minlinreg\n",
      "\n",
      "maxcounts\n",
      "bert_base_cased-ptb_pos_dev_sst-2_include_embeddings.hdf5_0     326\n",
      "bert_base_cased-ptb_pos_dev_unfine_include_embeddings.hdf5_0    286\n",
      "bert_base_cased-ptb_pos_dev_qnli_include_embeddings.hdf5_0       83\n",
      "bert_base_cased-ptb_pos_dev_qqp_include_embeddings.hdf5_0        73\n",
      "dtype: int64\n",
      "\n",
      "mincounts\n",
      "bert_base_cased-ptb_pos_dev_sst-2_include_embeddings.hdf5_12    768\n",
      "dtype: int64\n",
      "\n",
      "corr_df_pctl\n",
      "          max       min       med\n",
      "max  1.000000  0.461020  0.428868\n",
      "min  0.461020  1.000000  0.699912\n",
      "med  0.428868  0.699912  1.000000\n",
      "\n",
      "mincorr\n",
      "\n",
      "maxcounts\n",
      "bert_base_cased-ptb_pos_dev_unfine_include_embeddings.hdf5_0    744\n",
      "bert_base_cased-ptb_pos_dev_sst-2_include_embeddings.hdf5_0      16\n",
      "bert_base_cased-ptb_pos_dev_qnli_include_embeddings.hdf5_0        5\n",
      "bert_base_cased-ptb_pos_dev_qqp_include_embeddings.hdf5_0         3\n",
      "dtype: int64\n",
      "\n",
      "mincounts\n",
      "bert_base_cased-ptb_pos_dev_sst-2_include_embeddings.hdf5_12    745\n",
      "bert_base_cased-ptb_pos_dev_sst-2_include_embeddings.hdf5_11     23\n",
      "dtype: int64\n",
      "\n",
      "corr_df_pctl\n",
      "          max       min       med\n",
      "max  1.000000  0.102644  0.122709\n",
      "min  0.102644  1.000000  0.020452\n",
      "med  0.122709  0.020452  1.000000\n",
      "\n",
      "maxcorr\n",
      "\n",
      "maxcounts\n",
      "bert_base_cased-ptb_pos_dev_unfine_include_embeddings.hdf5_0    744\n",
      "bert_base_cased-ptb_pos_dev_sst-2_include_embeddings.hdf5_0      16\n",
      "bert_base_cased-ptb_pos_dev_qnli_include_embeddings.hdf5_0        5\n",
      "bert_base_cased-ptb_pos_dev_qqp_include_embeddings.hdf5_0         3\n",
      "dtype: int64\n",
      "\n",
      "mincounts\n",
      "bert_base_cased-ptb_pos_dev_sst-2_include_embeddings.hdf5_12    745\n",
      "bert_base_cased-ptb_pos_dev_sst-2_include_embeddings.hdf5_11     23\n",
      "dtype: int64\n",
      "\n",
      "corr_df_pctl\n",
      "          max       min       med\n",
      "max  1.000000  0.102644  0.122709\n",
      "min  0.102644  1.000000  0.020452\n",
      "med  0.122709  0.020452  1.000000\n",
      "\n",
      "maxlinreg\n",
      "\n",
      "maxcounts\n",
      "bert_base_cased-ptb_pos_dev_sst-2_include_embeddings.hdf5_0     326\n",
      "bert_base_cased-ptb_pos_dev_unfine_include_embeddings.hdf5_0    286\n",
      "bert_base_cased-ptb_pos_dev_qnli_include_embeddings.hdf5_0       83\n",
      "bert_base_cased-ptb_pos_dev_qqp_include_embeddings.hdf5_0        73\n",
      "dtype: int64\n",
      "\n",
      "mincounts\n",
      "bert_base_cased-ptb_pos_dev_sst-2_include_embeddings.hdf5_12    768\n",
      "dtype: int64\n",
      "\n",
      "corr_df_pctl\n",
      "          max       min       med\n",
      "max  1.000000  0.461020  0.428868\n",
      "min  0.461020  1.000000  0.699912\n",
      "med  0.428868  0.699912  1.000000\n",
      "\n",
      "\n",
      "bert_base_cased-ptb_pos_dev_mnli_include_embeddings.hdf5_1:\n",
      "\n",
      "minlinreg\n",
      "\n",
      "maxcounts\n",
      "bert_base_cased-ptb_pos_dev_mnli_include_embeddings.hdf5_2      631\n",
      "bert_base_cased-ptb_pos_dev_unfine_include_embeddings.hdf5_1    137\n",
      "dtype: int64\n",
      "\n",
      "mincounts\n",
      "bert_base_cased-ptb_pos_dev_sst-2_include_embeddings.hdf5_12    768\n",
      "dtype: int64\n",
      "\n",
      "corr_df_pctl\n",
      "          max       min       med\n",
      "max  1.000000  0.116577  0.848121\n",
      "min  0.116577  1.000000  0.432657\n",
      "med  0.848121  0.432657  1.000000\n",
      "\n",
      "mincorr\n",
      "\n",
      "maxcounts\n",
      "bert_base_cased-ptb_pos_dev_mnli_include_embeddings.hdf5_2      437\n",
      "bert_base_cased-ptb_pos_dev_unfine_include_embeddings.hdf5_1    316\n",
      "bert_base_cased-ptb_pos_dev_sst-2_include_embeddings.hdf5_1       6\n",
      "bert_base_cased-ptb_pos_dev_qnli_include_embeddings.hdf5_1        5\n",
      "bert_base_cased-ptb_pos_dev_mnli_include_embeddings.hdf5_0        3\n",
      "bert_base_cased-ptb_pos_dev_qqp_include_embeddings.hdf5_1         1\n",
      "dtype: int64\n",
      "\n",
      "mincounts\n",
      "bert_base_cased-ptb_pos_dev_sst-2_include_embeddings.hdf5_12    640\n",
      "bert_base_cased-ptb_pos_dev_sst-2_include_embeddings.hdf5_11    125\n",
      "bert_base_cased-ptb_pos_dev_mnli_include_embeddings.hdf5_12       3\n",
      "dtype: int64\n",
      "\n",
      "corr_df_pctl\n",
      "          max       min       med\n",
      "max  1.000000 -0.106539  0.850807\n",
      "min -0.106539  1.000000 -0.075036\n",
      "med  0.850807 -0.075036  1.000000\n",
      "\n",
      "maxcorr\n",
      "\n",
      "maxcounts\n",
      "bert_base_cased-ptb_pos_dev_mnli_include_embeddings.hdf5_2      437\n",
      "bert_base_cased-ptb_pos_dev_unfine_include_embeddings.hdf5_1    316\n",
      "bert_base_cased-ptb_pos_dev_sst-2_include_embeddings.hdf5_1       6\n",
      "bert_base_cased-ptb_pos_dev_qnli_include_embeddings.hdf5_1        5\n",
      "bert_base_cased-ptb_pos_dev_mnli_include_embeddings.hdf5_0        3\n",
      "bert_base_cased-ptb_pos_dev_qqp_include_embeddings.hdf5_1         1\n",
