{
 "cells": [
  {
   "cell_type": "code",
   "execution_count": 1,
   "metadata": {},
   "outputs": [],
   "source": [
    "import pickle\n",
    "import matplotlib.pyplot as plt\n",
    "import numpy as np\n",
    "import pandas as pd\n",
    "from os.path import basename, dirname\n",
    "import torch\n",
    "import seaborn as sns\n",
    "from ipywidgets import FloatSlider, interactive"
   ]
  },
  {
   "cell_type": "code",
   "execution_count": 2,
   "metadata": {},
   "outputs": [],
   "source": [
    "method_l = [\n",
    "    \"maxcorr\", \n",
    "    \"mincorr\", \n",
    "    \"maxlinreg\", \n",
    "    \"minlinreg\", \n",
    "    \"cca\", \n",
    "    \"lincka\", \n",
    "    # \"rbfcka\",\n",
    "]"
   ]
  },
  {
   "cell_type": "code",
   "execution_count": 3,
   "metadata": {},
   "outputs": [],
   "source": [
    "# Set `res_d`, `network_l`, `num_neurons_d`\n",
    "base = \"/data/sls/temp/johnmwu/contextual-corr-analysis/results13_\"\n",
    "res_fname = {method : base + method for method in \n",
    "                method_l}\n",
    "\n",
    "res_d = {}\n",
    "for method in method_l:\n",
    "    with open(res_fname[method], 'rb') as f:\n",
    "        res_d[method] = pickle.load(f)\n",
    "\n",
    "network_l = [network for network in res_d[\"maxcorr\"][\"corrs\"]]\n",
    "\n",
    "num_neurons_d = {}\n",
    "for network in network_l:\n",
    "    num_neurons_d[network] = len(next(iter(res_d[\"maxcorr\"][\"corrs\"][network].values()))) # god this is a hack"
   ]
  },
  {
   "cell_type": "markdown",
   "metadata": {},
   "source": [
    "# MaxCorr, MinCorr, MaxLinReg, MinLinReg"
   ]
  },
  {
   "cell_type": "markdown",
   "metadata": {},
   "source": [
    "### Sorts"
   ]
  },
  {
   "cell_type": "code",
   "execution_count": 4,
   "metadata": {},
   "outputs": [],
   "source": [
    "rk_methods = {\"maxcorr\", \"mincorr\", \"maxlinreg\", \"minlinreg\"}"
   ]
  },
  {
   "cell_type": "code",
   "execution_count": 5,
   "metadata": {},
   "outputs": [],
   "source": [
    "neuron_sorts = {network: {} for network in network_l}\n",
    "for network in network_l:\n",
    "    for method in rk_methods:\n",
    "        neuron_sorts[network][method] = res_d[method][\"neuron_sort\"][network]"
   ]
  },
  {
   "cell_type": "code",
   "execution_count": 6,
   "metadata": {},
   "outputs": [],
   "source": [
    "# Set `rk_ar_d`, `rk_df_d`, `spearman_d`\n",
    "rk_ar_d = {}\n",
    "rk_df_d = {}\n",
    "spearman_d = {}\n",
    "for network in network_l:\n",
    "    # rk_ar[method_ix, neuron] = rank\n",
    "    # need to invert the permutation\n",
    "    rk_ar = np.stack([\n",
    "            [neuron_sorts[network][method].index(neuron) for neuron in range(len(neuron_sorts[network][method]))]\n",
    "                      for method in rk_methods\n",
    "    ]).T\n",
    "    rk_df = pd.DataFrame(rk_ar, columns=list(rk_methods))\n",
    "    \n",
    "    rk_ar_d[network] = rk_ar\n",
    "    rk_df_d[network] = rk_df\n",
    "    spearman_d[network] = rk_df.corr()"
   ]
  },
  {
   "cell_type": "code",
   "execution_count": 7,
   "metadata": {},
   "outputs": [
    {
     "name": "stdout",
     "output_type": "stream",
     "text": [
      "gpt2_small_0\n",
      "           minlinreg   maxcorr  maxlinreg   mincorr\n",
      "minlinreg   1.000000  0.533632   0.379953  0.713411\n",
      "maxcorr     0.533632  1.000000   0.568660  0.531189\n",
      "maxlinreg   0.379953  0.568660   1.000000  0.248234\n",
      "mincorr     0.713411  0.531189   0.248234  1.000000\n",
      "gpt2_small_1\n",
      "           minlinreg   maxcorr  maxlinreg   mincorr\n",
      "minlinreg   1.000000  0.411131   0.540602  0.662026\n",
      "maxcorr     0.411131  1.000000   0.925615  0.264348\n",
      "maxlinreg   0.540602  0.925615   1.000000  0.359255\n",
      "mincorr     0.662026  0.264348   0.359255  1.000000\n",
      "gpt2_small_2\n",
      "           minlinreg   maxcorr  maxlinreg   mincorr\n",
      "minlinreg   1.000000  0.338684   0.388502  0.626054\n",
      "maxcorr     0.338684  1.000000   0.964546  0.181669\n",
      "maxlinreg   0.388502  0.964546   1.000000  0.230835\n",
      "mincorr     0.626054  0.181669   0.230835  1.000000\n",
      "gpt2_small_3\n",
      "           minlinreg   maxcorr  maxlinreg   mincorr\n",
      "minlinreg   1.000000  0.367246   0.413091  0.620974\n",
      "maxcorr     0.367246  1.000000   0.975084  0.212768\n",
      "maxlinreg   0.413091  0.975084   1.000000  0.256440\n",
      "mincorr     0.620974  0.212768   0.256440  1.000000\n",
      "gpt2_small_4\n",
      "           minlinreg   maxcorr  maxlinreg   mincorr\n",
      "minlinreg   1.000000  0.434157   0.459534  0.621628\n",
      "maxcorr     0.434157  1.000000   0.981487  0.279389\n",
      "maxlinreg   0.459534  0.981487   1.000000  0.291497\n",
      "mincorr     0.621628  0.279389   0.291497  1.000000\n",
      "gpt2_small_5\n",
      "           minlinreg   maxcorr  maxlinreg   mincorr\n",
      "minlinreg   1.000000  0.478726   0.500185  0.641690\n",
      "maxcorr     0.478726  1.000000   0.988353  0.292433\n",
      "maxlinreg   0.500185  0.988353   1.000000  0.307533\n",
      "mincorr     0.641690  0.292433   0.307533  1.000000\n",
      "gpt2_small_6\n",
      "           minlinreg   maxcorr  maxlinreg   mincorr\n",
      "minlinreg   1.000000  0.513550   0.525059  0.643810\n",
      "maxcorr     0.513550  1.000000   0.982825  0.302935\n",
      "maxlinreg   0.525059  0.982825   1.000000  0.307284\n",
      "mincorr     0.643810  0.302935   0.307284  1.000000\n",
      "gpt2_small_7\n",
      "           minlinreg   maxcorr  maxlinreg   mincorr\n",
      "minlinreg   1.000000  0.495695   0.516765  0.652615\n",
      "maxcorr     0.495695  1.000000   0.978426  0.305991\n",
      "maxlinreg   0.516765  0.978426   1.000000  0.316285\n",
      "mincorr     0.652615  0.305991   0.316285  1.000000\n",
      "gpt2_small_8\n",
      "           minlinreg   maxcorr  maxlinreg   mincorr\n",
      "minlinreg   1.000000  0.520157   0.549920  0.633628\n",
      "maxcorr     0.520157  1.000000   0.961670  0.295089\n",
      "maxlinreg   0.549920  0.961670   1.000000  0.315648\n",
      "mincorr     0.633628  0.295089   0.315648  1.000000\n",
      "gpt2_small_9\n",
      "           minlinreg   maxcorr  maxlinreg   mincorr\n",
      "minlinreg   1.000000  0.535765   0.582293  0.658986\n",
      "maxcorr     0.535765  1.000000   0.941543  0.276252\n",
      "maxlinreg   0.582293  0.941543   1.000000  0.307086\n",
      "mincorr     0.658986  0.276252   0.307086  1.000000\n",
      "gpt2_small_10\n",
      "           minlinreg   maxcorr  maxlinreg   mincorr\n",
      "minlinreg   1.000000  0.558385   0.627463  0.644657\n",
      "maxcorr     0.558385  1.000000   0.908503  0.292420\n",
      "maxlinreg   0.627463  0.908503   1.000000  0.340426\n",
      "mincorr     0.644657  0.292420   0.340426  1.000000\n",
      "gpt2_small_11\n",
      "           minlinreg   maxcorr  maxlinreg   mincorr\n",
      "minlinreg   1.000000  0.538214   0.650867  0.671824\n",
      "maxcorr     0.538214  1.000000   0.849296  0.312308\n",
      "maxlinreg   0.650867  0.849296   1.000000  0.369669\n",
      "mincorr     0.671824  0.312308   0.369669  1.000000\n",
      "xlnet_large_cased_0\n",
      "           minlinreg   maxcorr  maxlinreg   mincorr\n",
      "minlinreg   1.000000 -0.110476   0.347694  0.665319\n",
      "maxcorr    -0.110476  1.000000   0.553747 -0.108066\n",
      "maxlinreg   0.347694  0.553747   1.000000  0.084487\n",
      "mincorr     0.665319 -0.108066   0.084487  1.000000\n",
      "xlnet_large_cased_1\n",
      "           minlinreg   maxcorr  maxlinreg   mincorr\n",
      "minlinreg   1.000000  0.051032   0.018726  0.574893\n",
      "maxcorr     0.051032  1.000000   0.801972 -0.129600\n",
      "maxlinreg   0.018726  0.801972   1.000000 -0.167785\n",
      "mincorr     0.574893 -0.129600  -0.167785  1.000000\n",
      "xlnet_large_cased_2\n",
      "           minlinreg   maxcorr  maxlinreg   mincorr\n",
      "minlinreg   1.000000  0.039460   0.145650  0.609378\n",
      "maxcorr     0.039460  1.000000   0.935620 -0.045661\n",
      "maxlinreg   0.145650  0.935620   1.000000  0.000949\n",
      "mincorr     0.609378 -0.045661   0.000949  1.000000\n",
      "xlnet_large_cased_3\n",
      "           minlinreg   maxcorr  maxlinreg   mincorr\n",
      "minlinreg   1.000000  0.075987   0.122289  0.622061\n",
      "maxcorr     0.075987  1.000000   0.962701 -0.026622\n",
      "maxlinreg   0.122289  0.962701   1.000000 -0.001314\n",
      "mincorr     0.622061 -0.026622  -0.001314  1.000000\n",
      "xlnet_large_cased_4\n",
      "           minlinreg   maxcorr  maxlinreg   mincorr\n",
      "minlinreg   1.000000  0.155650   0.234436  0.583383\n",
      "maxcorr     0.155650  1.000000   0.953129 -0.010194\n",
      "maxlinreg   0.234436  0.953129   1.000000  0.028308\n",
      "mincorr     0.583383 -0.010194   0.028308  1.000000\n",
      "xlnet_large_cased_5\n",
      "           minlinreg   maxcorr  maxlinreg   mincorr\n",
      "minlinreg   1.000000  0.211586   0.247270  0.575802\n",
      "maxcorr     0.211586  1.000000   0.968388  0.026263\n",
      "maxlinreg   0.247270  0.968388   1.000000  0.053723\n",
      "mincorr     0.575802  0.026263   0.053723  1.000000\n",
      "xlnet_large_cased_6\n",
      "           minlinreg   maxcorr  maxlinreg   mincorr\n",
      "minlinreg   1.000000  0.218074   0.235894  0.629811\n",
      "maxcorr     0.218074  1.000000   0.978760  0.044721\n",
      "maxlinreg   0.235894  0.978760   1.000000  0.054897\n",
      "mincorr     0.629811  0.044721   0.054897  1.000000\n",
      "xlnet_large_cased_7\n",
      "           minlinreg   maxcorr  maxlinreg   mincorr\n",
      "minlinreg   1.000000  0.168724   0.206700  0.658420\n",
      "maxcorr     0.168724  1.000000   0.978397  0.081087\n",
      "maxlinreg   0.206700  0.978397   1.000000  0.100803\n",
      "mincorr     0.658420  0.081087   0.100803  1.000000\n",
      "xlnet_large_cased_8\n",
      "           minlinreg   maxcorr  maxlinreg   mincorr\n",
      "minlinreg   1.000000  0.181890   0.214033  0.652236\n",
      "maxcorr     0.181890  1.000000   0.982300  0.056188\n",
      "maxlinreg   0.214033  0.982300   1.000000  0.075580\n",
      "mincorr     0.652236  0.056188   0.075580  1.000000\n",
      "xlnet_large_cased_9\n",
      "           minlinreg   maxcorr  maxlinreg   mincorr\n",
      "minlinreg   1.000000  0.169227   0.208767  0.651375\n",
      "maxcorr     0.169227  1.000000   0.983412  0.029252\n",
      "maxlinreg   0.208767  0.983412   1.000000  0.051997\n",
      "mincorr     0.651375  0.029252   0.051997  1.000000\n",
      "xlnet_large_cased_10\n",
      "           minlinreg   maxcorr  maxlinreg   mincorr\n",
      "minlinreg   1.000000  0.206016   0.235217  0.668396\n",
      "maxcorr     0.206016  1.000000   0.983008  0.030218\n",
      "maxlinreg   0.235217  0.983008   1.000000  0.053317\n",
      "mincorr     0.668396  0.030218   0.053317  1.000000\n",
      "xlnet_large_cased_11\n",
      "           minlinreg   maxcorr  maxlinreg   mincorr\n",
      "minlinreg   1.000000  0.253223   0.281916  0.704545\n",
      "maxcorr     0.253223  1.000000   0.989143  0.094042\n",
      "maxlinreg   0.281916  0.989143   1.000000  0.106725\n",
      "mincorr     0.704545  0.094042   0.106725  1.000000\n",
      "xlnet_large_cased_12\n",
      "           minlinreg   maxcorr  maxlinreg   mincorr\n",
      "minlinreg   1.000000  0.262734   0.295207  0.694006\n",
      "maxcorr     0.262734  1.000000   0.981559  0.064322\n",
      "maxlinreg   0.295207  0.981559   1.000000  0.088970\n",
      "mincorr     0.694006  0.064322   0.088970  1.000000\n",
      "xlnet_large_cased_13\n",
      "           minlinreg   maxcorr  maxlinreg   mincorr\n",
      "minlinreg   1.000000  0.329756   0.357988  0.665730\n",
      "maxcorr     0.329756  1.000000   0.981740  0.086546\n",
      "maxlinreg   0.357988  0.981740   1.000000  0.097318\n",
      "mincorr     0.665730  0.086546   0.097318  1.000000\n",
      "xlnet_large_cased_14\n",
      "           minlinreg   maxcorr  maxlinreg   mincorr\n",
      "minlinreg   1.000000  0.372065   0.386693  0.681897\n",
      "maxcorr     0.372065  1.000000   0.979671  0.134202\n",
      "maxlinreg   0.386693  0.979671   1.000000  0.150913\n",
      "mincorr     0.681897  0.134202   0.150913  1.000000\n",
      "xlnet_large_cased_15\n",
      "           minlinreg   maxcorr  maxlinreg   mincorr\n",
      "minlinreg   1.000000  0.378297   0.398265  0.687257\n",
      "maxcorr     0.378297  1.000000   0.978384  0.133018\n",
      "maxlinreg   0.398265  0.978384   1.000000  0.152706\n",
      "mincorr     0.687257  0.133018   0.152706  1.000000\n",
      "xlnet_large_cased_16\n",
      "           minlinreg   maxcorr  maxlinreg   mincorr\n",
      "minlinreg   1.000000  0.359585   0.382194  0.697931\n",
      "maxcorr     0.359585  1.000000   0.979407  0.131387\n",
      "maxlinreg   0.382194  0.979407   1.000000  0.146805\n",
      "mincorr     0.697931  0.131387   0.146805  1.000000\n",
      "xlnet_large_cased_17\n",
      "           minlinreg   maxcorr  maxlinreg   mincorr\n",
      "minlinreg   1.000000  0.299224   0.341226  0.661767\n",
      "maxcorr     0.299224  1.000000   0.966596  0.083848\n",
      "maxlinreg   0.341226  0.966596   1.000000  0.097447\n",
      "mincorr     0.661767  0.083848   0.097447  1.000000\n",
      "xlnet_large_cased_18\n",
      "           minlinreg   maxcorr  maxlinreg   mincorr\n",
      "minlinreg   1.000000  0.299893   0.324996  0.665724\n",
      "maxcorr     0.299893  1.000000   0.962446  0.091359\n",
      "maxlinreg   0.324996  0.962446   1.000000  0.111477\n",
      "mincorr     0.665724  0.091359   0.111477  1.000000\n",
      "xlnet_large_cased_19\n",
      "           minlinreg   maxcorr  maxlinreg   mincorr\n",
      "minlinreg   1.000000  0.282645   0.343134  0.646316\n",
      "maxcorr     0.282645  1.000000   0.952981  0.111913\n",
      "maxlinreg   0.343134  0.952981   1.000000  0.152919\n",
      "mincorr     0.646316  0.111913   0.152919  1.000000\n",
      "xlnet_large_cased_20\n",
      "           minlinreg   maxcorr  maxlinreg   mincorr\n",
      "minlinreg   1.000000  0.347034   0.380889  0.629869\n",
      "maxcorr     0.347034  1.000000   0.943057  0.148442\n",
      "maxlinreg   0.380889  0.943057   1.000000  0.169701\n",
      "mincorr     0.629869  0.148442   0.169701  1.000000\n",
      "xlnet_large_cased_21\n",
      "           minlinreg   maxcorr  maxlinreg   mincorr\n",
      "minlinreg   1.000000  0.334660   0.424588  0.622233\n",
      "maxcorr     0.334660  1.000000   0.887057  0.139075\n",
      "maxlinreg   0.424588  0.887057   1.000000  0.189338\n",
      "mincorr     0.622233  0.139075   0.189338  1.000000\n",
      "xlnet_large_cased_22\n",
      "           minlinreg   maxcorr  maxlinreg   mincorr\n",
      "minlinreg   1.000000  0.276112   0.421318  0.591245\n",
      "maxcorr     0.276112  1.000000   0.758292  0.099520\n",
      "maxlinreg   0.421318  0.758292   1.000000  0.170616\n",
      "mincorr     0.591245  0.099520   0.170616  1.000000\n",
      "xlnet_large_cased_23\n",
      "           minlinreg   maxcorr  maxlinreg   mincorr\n",
      "minlinreg   1.000000  0.256261   0.316481  0.618411\n",
      "maxcorr     0.256261  1.000000   0.705055  0.119392\n",
      "maxlinreg   0.316481  0.705055   1.000000  0.151890\n",
      "mincorr     0.618411  0.119392   0.151890  1.000000\n",
      "gpt2_medium_0\n",
      "           minlinreg   maxcorr  maxlinreg   mincorr\n",
      "minlinreg   1.000000  0.701900   0.133221  0.768768\n",
      "maxcorr     0.701900  1.000000   0.381483  0.493770\n",
      "maxlinreg   0.133221  0.381483   1.000000  0.142276\n",
      "mincorr     0.768768  0.493770   0.142276  1.000000\n",
      "gpt2_medium_1\n",
      "           minlinreg   maxcorr  maxlinreg   mincorr\n",
      "minlinreg   1.000000  0.064571   0.109755  0.531937\n",
      "maxcorr     0.064571  1.000000   0.538365  0.304883\n",
      "maxlinreg   0.109755  0.538365   1.000000  0.496761\n",
      "mincorr     0.531937  0.304883   0.496761  1.000000\n",
      "gpt2_medium_2\n",
      "           minlinreg   maxcorr  maxlinreg   mincorr\n",
      "minlinreg   1.000000  0.117571   0.194040  0.582609\n",
      "maxcorr     0.117571  1.000000   0.646070  0.349258\n",
      "maxlinreg   0.194040  0.646070   1.000000  0.499731\n",
      "mincorr     0.582609  0.349258   0.499731  1.000000\n",
      "gpt2_medium_3\n",
      "           minlinreg   maxcorr  maxlinreg   mincorr\n",
      "minlinreg   1.000000  0.116053   0.181628  0.591972\n",
      "maxcorr     0.116053  1.000000   0.664817  0.315219\n",
      "maxlinreg   0.181628  0.664817   1.000000  0.470656\n",
      "mincorr     0.591972  0.315219   0.470656  1.000000\n",
      "gpt2_medium_4\n",
      "           minlinreg   maxcorr  maxlinreg   mincorr\n",
      "minlinreg   1.000000  0.151512   0.228300  0.643747\n",
      "maxcorr     0.151512  1.000000   0.686710  0.314749\n",
      "maxlinreg   0.228300  0.686710   1.000000  0.449982\n",
      "mincorr     0.643747  0.314749   0.449982  1.000000\n",
      "gpt2_medium_5\n",
      "           minlinreg   maxcorr  maxlinreg   mincorr\n",
      "minlinreg   1.000000  0.193551   0.262903  0.631313\n",
      "maxcorr     0.193551  1.000000   0.736184  0.339645\n",
      "maxlinreg   0.262903  0.736184   1.000000  0.452622\n",
      "mincorr     0.631313  0.339645   0.452622  1.000000\n",
      "gpt2_medium_6\n",
      "           minlinreg   maxcorr  maxlinreg   mincorr\n",
      "minlinreg   1.000000  0.230548   0.265132  0.651785\n",
      "maxcorr     0.230548  1.000000   0.741692  0.349353\n",
      "maxlinreg   0.265132  0.741692   1.000000  0.431552\n",
      "mincorr     0.651785  0.349353   0.431552  1.000000\n",
      "gpt2_medium_7\n",
      "           minlinreg   maxcorr  maxlinreg   mincorr\n",
      "minlinreg   1.000000  0.192568   0.263911  0.668467\n",
      "maxcorr     0.192568  1.000000   0.746439  0.341392\n",
      "maxlinreg   0.263911  0.746439   1.000000  0.434300\n",
      "mincorr     0.668467  0.341392   0.434300  1.000000\n",
      "gpt2_medium_8\n",
      "           minlinreg   maxcorr  maxlinreg   mincorr\n",
      "minlinreg   1.000000  0.201963   0.269891  0.716902\n",
      "maxcorr     0.201963  1.000000   0.769788  0.357514\n",
      "maxlinreg   0.269891  0.769788   1.000000  0.424729\n",
      "mincorr     0.716902  0.357514   0.424729  1.000000\n",
      "gpt2_medium_9\n",
      "           minlinreg   maxcorr  maxlinreg   mincorr\n",
      "minlinreg   1.000000  0.174079   0.250327  0.704276\n",
      "maxcorr     0.174079  1.000000   0.749374  0.305042\n",
      "maxlinreg   0.250327  0.749374   1.000000  0.409439\n",
      "mincorr     0.704276  0.305042   0.409439  1.000000\n",
      "gpt2_medium_10\n",
      "           minlinreg   maxcorr  maxlinreg   mincorr\n",
      "minlinreg   1.000000  0.165944   0.232765  0.693275\n",
      "maxcorr     0.165944  1.000000   0.752771  0.294441\n",
      "maxlinreg   0.232765  0.752771   1.000000  0.336625\n",
      "mincorr     0.693275  0.294441   0.336625  1.000000\n",
      "gpt2_medium_11\n",
      "           minlinreg   maxcorr  maxlinreg   mincorr\n",
      "minlinreg   1.000000  0.169995   0.251020  0.700191\n",
      "maxcorr     0.169995  1.000000   0.746190  0.277448\n",
      "maxlinreg   0.251020  0.746190   1.000000  0.345086\n",
      "mincorr     0.700191  0.277448   0.345086  1.000000\n",
      "gpt2_medium_12\n",
      "           minlinreg   maxcorr  maxlinreg   mincorr\n",
      "minlinreg   1.000000  0.211689   0.230556  0.714634\n",
      "maxcorr     0.211689  1.000000   0.760687  0.265551\n",
      "maxlinreg   0.230556  0.760687   1.000000  0.322490\n",
      "mincorr     0.714634  0.265551   0.322490  1.000000\n",
      "gpt2_medium_13\n",
      "           minlinreg   maxcorr  maxlinreg   mincorr\n",
      "minlinreg   1.000000  0.226970   0.275341  0.715906\n",
      "maxcorr     0.226970  1.000000   0.752378  0.274971\n",
      "maxlinreg   0.275341  0.752378   1.000000  0.347079\n",
      "mincorr     0.715906  0.274971   0.347079  1.000000\n",
      "gpt2_medium_14\n",
      "           minlinreg   maxcorr  maxlinreg   mincorr\n",
      "minlinreg    1.00000  0.215570   0.247140  0.704800\n",
      "maxcorr      0.21557  1.000000   0.758055  0.305467\n",
      "maxlinreg    0.24714  0.758055   1.000000  0.336306\n",
      "mincorr      0.70480  0.305467   0.336306  1.000000\n",
      "gpt2_medium_15\n",
      "           minlinreg   maxcorr  maxlinreg   mincorr\n",
      "minlinreg   1.000000  0.221345   0.256134  0.712923\n",
      "maxcorr     0.221345  1.000000   0.759639  0.322991\n",
      "maxlinreg   0.256134  0.759639   1.000000  0.356238\n",
      "mincorr     0.712923  0.322991   0.356238  1.000000\n",
      "gpt2_medium_16\n",
      "           minlinreg   maxcorr  maxlinreg   mincorr\n",
      "minlinreg   1.000000  0.235108   0.260192  0.726807\n",
      "maxcorr     0.235108  1.000000   0.751472  0.298633\n",
      "maxlinreg   0.260192  0.751472   1.000000  0.360716\n",
      "mincorr     0.726807  0.298633   0.360716  1.000000\n",
      "gpt2_medium_17\n",
      "           minlinreg   maxcorr  maxlinreg   mincorr\n",
      "minlinreg   1.000000  0.252284   0.272194  0.730420\n",
      "maxcorr     0.252284  1.000000   0.753390  0.337584\n",
      "maxlinreg   0.272194  0.753390   1.000000  0.371830\n",
      "mincorr     0.730420  0.337584   0.371830  1.000000\n",
      "gpt2_medium_18\n",
      "           minlinreg   maxcorr  maxlinreg   mincorr\n",
      "minlinreg   1.000000  0.227679   0.259958  0.734232\n",
      "maxcorr     0.227679  1.000000   0.755857  0.333495\n",
      "maxlinreg   0.259958  0.755857   1.000000  0.355448\n",
      "mincorr     0.734232  0.333495   0.355448  1.000000\n",
      "gpt2_medium_19\n",
      "           minlinreg   maxcorr  maxlinreg   mincorr\n",
      "minlinreg   1.000000  0.258730   0.275987  0.742202\n",
      "maxcorr     0.258730  1.000000   0.764867  0.319391\n",
      "maxlinreg   0.275987  0.764867   1.000000  0.377357\n",
      "mincorr     0.742202  0.319391   0.377357  1.000000\n",
      "gpt2_medium_20\n",
      "           minlinreg   maxcorr  maxlinreg   mincorr\n",
      "minlinreg   1.000000  0.274756   0.294856  0.734605\n",
      "maxcorr     0.274756  1.000000   0.775218  0.298810\n",
      "maxlinreg   0.294856  0.775218   1.000000  0.360447\n",
      "mincorr     0.734605  0.298810   0.360447  1.000000\n",
      "gpt2_medium_21\n",
      "           minlinreg   maxcorr  maxlinreg   mincorr\n",
      "minlinreg   1.000000  0.233074   0.296243  0.742456\n",
      "maxcorr     0.233074  1.000000   0.771550  0.287838\n",
      "maxlinreg   0.296243  0.771550   1.000000  0.381875\n",
      "mincorr     0.742456  0.287838   0.381875  1.000000\n",
      "gpt2_medium_22\n",
      "           minlinreg   maxcorr  maxlinreg   mincorr\n",
      "minlinreg   1.000000  0.239268   0.288822  0.721045\n",
      "maxcorr     0.239268  1.000000   0.753895  0.306767\n",
      "maxlinreg   0.288822  0.753895   1.000000  0.365630\n",
      "mincorr     0.721045  0.306767   0.365630  1.000000\n",
      "gpt2_medium_23\n",
      "           minlinreg   maxcorr  maxlinreg   mincorr\n",
      "minlinreg   1.000000  0.235924   0.269108  0.725337\n",
      "maxcorr     0.235924  1.000000   0.694124  0.294520\n",
      "maxlinreg   0.269108  0.694124   1.000000  0.363487\n",
      "mincorr     0.725337  0.294520   0.363487  1.000000\n",
      "xlnet_base_cased_0\n",
      "           minlinreg   maxcorr  maxlinreg   mincorr\n",
      "minlinreg   1.000000  0.618115   0.845815  0.788337\n",
      "maxcorr     0.618115  1.000000   0.683232  0.443586\n",
      "maxlinreg   0.845815  0.683232   1.000000  0.610257\n",
      "mincorr     0.788337  0.443586   0.610257  1.000000\n",
      "xlnet_base_cased_1\n",
      "           minlinreg   maxcorr  maxlinreg   mincorr\n",
      "minlinreg   1.000000  0.697522   0.839931  0.791326\n",
      "maxcorr     0.697522  1.000000   0.755079  0.504291\n",
      "maxlinreg   0.839931  0.755079   1.000000  0.615578\n",
      "mincorr     0.791326  0.504291   0.615578  1.000000\n",
      "xlnet_base_cased_2\n",
      "           minlinreg   maxcorr  maxlinreg   mincorr\n",
      "minlinreg   1.000000  0.657362   0.821529  0.782122\n",
      "maxcorr     0.657362  1.000000   0.746644  0.468484\n",
      "maxlinreg   0.821529  0.746644   1.000000  0.570750\n",
      "mincorr     0.782122  0.468484   0.570750  1.000000\n",
      "xlnet_base_cased_3\n",
      "           minlinreg   maxcorr  maxlinreg   mincorr\n",
      "minlinreg   1.000000  0.653793   0.823758  0.764099\n",
      "maxcorr     0.653793  1.000000   0.753778  0.457359\n",
      "maxlinreg   0.823758  0.753778   1.000000  0.579081\n",
      "mincorr     0.764099  0.457359   0.579081  1.000000\n",
      "xlnet_base_cased_4\n",
      "           minlinreg   maxcorr  maxlinreg   mincorr\n",
      "minlinreg   1.000000  0.645508   0.817773  0.756790\n",
      "maxcorr     0.645508  1.000000   0.726711  0.484031\n",
      "maxlinreg   0.817773  0.726711   1.000000  0.582161\n",
      "mincorr     0.756790  0.484031   0.582161  1.000000\n",
      "xlnet_base_cased_5\n",
      "           minlinreg   maxcorr  maxlinreg   mincorr\n",
      "minlinreg   1.000000  0.651188   0.799387  0.781505\n",
      "maxcorr     0.651188  1.000000   0.763793  0.488490\n",
      "maxlinreg   0.799387  0.763793   1.000000  0.577822\n",
      "mincorr     0.781505  0.488490   0.577822  1.000000\n",
      "xlnet_base_cased_6\n",
      "           minlinreg   maxcorr  maxlinreg   mincorr\n",
      "minlinreg   1.000000  0.642625   0.796541  0.765081\n",
      "maxcorr     0.642625  1.000000   0.751727  0.449511\n",
      "maxlinreg   0.796541  0.751727   1.000000  0.563201\n",
      "mincorr     0.765081  0.449511   0.563201  1.000000\n",
      "xlnet_base_cased_7\n",
      "           minlinreg   maxcorr  maxlinreg   mincorr\n",
      "minlinreg   1.000000  0.611192   0.787045  0.754377\n",
      "maxcorr     0.611192  1.000000   0.731469  0.410007\n",
      "maxlinreg   0.787045  0.731469   1.000000  0.545134\n",
      "mincorr     0.754377  0.410007   0.545134  1.000000\n",
      "xlnet_base_cased_8\n",
      "           minlinreg   maxcorr  maxlinreg   mincorr\n",
      "minlinreg   1.000000  0.591935   0.754845  0.742073\n",
      "maxcorr     0.591935  1.000000   0.725526  0.394286\n",
      "maxlinreg   0.754845  0.725526   1.000000  0.493096\n",
      "mincorr     0.742073  0.394286   0.493096  1.000000\n",
      "xlnet_base_cased_9\n",
      "           minlinreg   maxcorr  maxlinreg   mincorr\n",
      "minlinreg   1.000000  0.574985   0.748224  0.730862\n",
      "maxcorr     0.574985  1.000000   0.727247  0.386720\n",
      "maxlinreg   0.748224  0.727247   1.000000  0.488509\n",
      "mincorr     0.730862  0.386720   0.488509  1.000000\n",
      "xlnet_base_cased_10\n",
      "           minlinreg   maxcorr  maxlinreg   mincorr\n",
      "minlinreg   1.000000  0.590860   0.749950  0.736789\n",
      "maxcorr     0.590860  1.000000   0.767983  0.369851\n",
      "maxlinreg   0.749950  0.767983   1.000000  0.489274\n",
      "mincorr     0.736789  0.369851   0.489274  1.000000\n",
      "xlnet_base_cased_11\n",
      "           minlinreg   maxcorr  maxlinreg   mincorr\n",
      "minlinreg   1.000000  0.520590   0.744505  0.722750\n",
      "maxcorr     0.520590  1.000000   0.658075  0.313688\n",
      "maxlinreg   0.744505  0.658075   1.000000  0.483536\n",
      "mincorr     0.722750  0.313688   0.483536  1.000000\n"
     ]
    }
   ],
   "source": [
    "for network in network_l:\n",
    "    print(network)\n",
    "    # print(rk_df_d[network])\n",
    "    print(spearman_d[network])"
   ]
  },
  {
   "cell_type": "markdown",
   "metadata": {},
   "source": [
    "### Distributions"
   ]
  },
  {
   "cell_type": "code",
   "execution_count": 8,
   "metadata": {},
   "outputs": [
    {
     "name": "stdout",
     "output_type": "stream",
     "text": [
      "\n",
      "\n",
      "gpt2_small_0:\n",
      "\n",
      "minlinreg\n",
      "\n",
      "maxcounts\n",
      "gpt2_small_1           659\n",
      "xlnet_large_cased_0     74\n",
      "gpt2_small_2            24\n",
      "xlnet_large_cased_1     11\n",
      "dtype: int64\n",
      "\n",
      "mincounts\n",
      "gpt2_medium_23         656\n",
      "xlnet_base_cased_0      50\n",
      "xlnet_base_cased_11     26\n",
      "gpt2_medium_22          24\n",
      "xlnet_base_cased_10      4\n",
      "gpt2_medium_21           3\n",
      "xlnet_base_cased_9       3\n",
      "xlnet_base_cased_5       1\n",
      "xlnet_base_cased_8       1\n",
      "dtype: int64\n",
      "\n",
      "corr_df_pctl\n",
      "          max       min       med\n",
      "max  1.000000  0.379953  0.723561\n",
      "min  0.379953  1.000000  0.660772\n",
      "med  0.723561  0.660772  1.000000\n",
      "\n",
      "maxcorr\n",
      "\n",
      "maxcounts\n",
      "gpt2_small_1            461\n",
      "xlnet_large_cased_0      52\n",
      "gpt2_small_2             49\n",
      "xlnet_large_cased_1      34\n",
      "gpt2_small_11            34\n",
      "gpt2_small_3             28\n",
      "xlnet_large_cased_2      25\n",
      "gpt2_small_4              9\n",
      "xlnet_base_cased_7        7\n",
      "xlnet_base_cased_1        6\n",
      "gpt2_small_10             5\n",
      "xlnet_base_cased_0        5\n",
      "xlnet_base_cased_3        4\n",
      "xlnet_base_cased_11       4\n",
      "xlnet_large_cased_4       4\n",
      "xlnet_large_cased_3       4\n",
      "xlnet_base_cased_5        4\n",
      "gpt2_small_5              3\n",
      "xlnet_large_cased_5       3\n",
      "xlnet_base_cased_4        3\n",
      "gpt2_small_6              3\n",
      "xlnet_large_cased_7       3\n",
      "xlnet_base_cased_9        3\n",
      "xlnet_large_cased_10      2\n",
      "gpt2_small_8              2\n",
      "xlnet_base_cased_8        2\n",
      "xlnet_large_cased_8       2\n",
      "xlnet_base_cased_2        2\n",
      "gpt2_medium_1             1\n",
      "xlnet_large_cased_6       1\n",
      "gpt2_medium_0             1\n",
      "xlnet_base_cased_10       1\n",
      "xlnet_base_cased_6        1\n",
      "dtype: int64\n",
      "\n",
      "mincounts\n",
      "gpt2_medium_23          136\n",
      "gpt2_medium_22           73\n",
      "gpt2_medium_20           51\n",
      "gpt2_medium_19           50\n",
      "gpt2_medium_21           49\n",
      "xlnet_large_cased_23     46\n",
      "gpt2_medium_17           46\n",
      "gpt2_medium_18           33\n",
      "gpt2_medium_15           33\n",
      "gpt2_medium_13           28\n",
      "gpt2_medium_16           27\n",
      "gpt2_medium_14           26\n",
      "gpt2_medium_10           24\n",
      "gpt2_medium_11           20\n",
      "gpt2_medium_12           18\n",
      "xlnet_base_cased_0       18\n",
      "xlnet_base_cased_4       13\n",
      "xlnet_base_cased_9        8\n",
      "gpt2_medium_6             8\n",
      "gpt2_medium_8             7\n",
      "xlnet_base_cased_10       7\n",
      "xlnet_base_cased_3        6\n",
      "gpt2_medium_9             6\n",
      "xlnet_base_cased_11       5\n",
      "xlnet_base_cased_5        5\n",
      "gpt2_medium_7             4\n",
      "xlnet_base_cased_7        4\n",
      "xlnet_base_cased_1        3\n",
      "xlnet_base_cased_8        3\n",
      "xlnet_base_cased_6        3\n",
      "xlnet_large_cased_22      2\n",
      "gpt2_medium_4             2\n",
      "xlnet_large_cased_21      1\n",
      "gpt2_medium_3             1\n",
      "xlnet_large_cased_16      1\n",
      "gpt2_medium_5             1\n",
      "dtype: int64\n",
      "\n",
      "corr_df_pctl\n",
      "          max       min       med\n",
      "max  1.000000  0.531189  0.711266\n",
      "min  0.531189  1.000000  0.566192\n",
      "med  0.711266  0.566192  1.000000\n",
      "\n",
      "maxlinreg\n",
      "\n",
      "maxcounts\n",
      "gpt2_small_1           659\n",
      "xlnet_large_cased_0     74\n",
      "gpt2_small_2            24\n",
      "xlnet_large_cased_1     11\n",
      "dtype: int64\n",
      "\n",
      "mincounts\n",
      "gpt2_medium_23         656\n",
      "xlnet_base_cased_0      50\n",
      "xlnet_base_cased_11     26\n",
      "gpt2_medium_22          24\n",
      "xlnet_base_cased_10      4\n",
      "gpt2_medium_21           3\n",
      "xlnet_base_cased_9       3\n",
      "xlnet_base_cased_5       1\n",
      "xlnet_base_cased_8       1\n",
      "dtype: int64\n",
      "\n",
      "corr_df_pctl\n",
      "          max       min       med\n",
      "max  1.000000  0.379953  0.723561\n",
      "min  0.379953  1.000000  0.660772\n",
      "med  0.723561  0.660772  1.000000\n",
      "\n",
      "mincorr\n",
      "\n",
      "maxcounts\n",
      "gpt2_small_1            461\n",
      "xlnet_large_cased_0      52\n",
      "gpt2_small_2             49\n",
      "xlnet_large_cased_1      34\n",
      "gpt2_small_11            34\n",
      "gpt2_small_3             28\n",
      "xlnet_large_cased_2      25\n",
      "gpt2_small_4              9\n",
      "xlnet_base_cased_7        7\n",
      "xlnet_base_cased_1        6\n",
      "gpt2_small_10             5\n",
      "xlnet_base_cased_0        5\n",
      "xlnet_base_cased_3        4\n",
      "xlnet_base_cased_11       4\n",
      "xlnet_large_cased_4       4\n",
      "xlnet_large_cased_3       4\n",
      "xlnet_base_cased_5        4\n",
      "gpt2_small_5              3\n",
      "xlnet_large_cased_5       3\n",
      "xlnet_base_cased_4        3\n",
      "gpt2_small_6              3\n",
      "xlnet_large_cased_7       3\n",
      "xlnet_base_cased_9        3\n",
      "xlnet_large_cased_10      2\n",
      "gpt2_small_8              2\n",
      "xlnet_base_cased_8        2\n",
      "xlnet_large_cased_8       2\n",
      "xlnet_base_cased_2        2\n",
      "gpt2_medium_1             1\n",
      "xlnet_large_cased_6       1\n",
      "gpt2_medium_0             1\n",
      "xlnet_base_cased_10       1\n",
      "xlnet_base_cased_6        1\n",
      "dtype: int64\n",
      "\n",
      "mincounts\n",
      "gpt2_medium_23          136\n",
      "gpt2_medium_22           73\n",
      "gpt2_medium_20           51\n",
      "gpt2_medium_19           50\n",
      "gpt2_medium_21           49\n",
      "xlnet_large_cased_23     46\n",
      "gpt2_medium_17           46\n",
      "gpt2_medium_18           33\n",
      "gpt2_medium_15           33\n",
      "gpt2_medium_13           28\n",
      "gpt2_medium_16           27\n",
      "gpt2_medium_14           26\n",
      "gpt2_medium_10           24\n",
      "gpt2_medium_11           20\n",
      "gpt2_medium_12           18\n",
      "xlnet_base_cased_0       18\n",
      "xlnet_base_cased_4       13\n",
      "xlnet_base_cased_9        8\n",
      "gpt2_medium_6             8\n",
      "gpt2_medium_8             7\n",
      "xlnet_base_cased_10       7\n",
      "xlnet_base_cased_3        6\n",
      "gpt2_medium_9             6\n",
      "xlnet_base_cased_11       5\n",
      "xlnet_base_cased_5        5\n",
      "gpt2_medium_7             4\n",
      "xlnet_base_cased_7        4\n",
      "xlnet_base_cased_1        3\n",
      "xlnet_base_cased_8        3\n",
      "xlnet_base_cased_6        3\n",
      "xlnet_large_cased_22      2\n",
      "gpt2_medium_4             2\n",
      "xlnet_large_cased_21      1\n",
      "gpt2_medium_3             1\n",
      "xlnet_large_cased_16      1\n",
      "gpt2_medium_5             1\n",
      "dtype: int64\n",
      "\n",
      "corr_df_pctl\n",
      "          max       min       med\n",
      "max  1.000000  0.531189  0.711266\n",
      "min  0.531189  1.000000  0.566192\n",
      "med  0.711266  0.566192  1.000000\n",
      "\n",
      "\n",
      "gpt2_small_1:\n",
      "\n",
      "minlinreg\n",
      "\n",
      "maxcounts\n",
      "gpt2_small_2    768\n",
      "dtype: int64\n",
      "\n",
      "mincounts\n",
      "gpt2_medium_23         687\n",
      "gpt2_medium_22          37\n",
      "xlnet_base_cased_0      18\n",
      "xlnet_base_cased_11     16\n",
      "gpt2_medium_21           5\n",
      "xlnet_base_cased_1       1\n",
      "xlnet_base_cased_10      1\n",
      "xlnet_base_cased_4       1\n",
      "xlnet_base_cased_6       1\n",
      "xlnet_base_cased_9       1\n",
      "dtype: int64\n",
      "\n",
      "corr_df_pctl\n",
      "          max       min       med\n",
      "max  1.000000  0.540602  0.656999\n",
      "min  0.540602  1.000000  0.614058\n",
      "med  0.656999  0.614058  1.000000\n",
      "\n",
      "maxcorr\n",
      "\n",
      "maxcounts\n",
      "gpt2_small_2           763\n",
      "gpt2_small_4             2\n",
      "gpt2_small_0             2\n",
      "xlnet_large_cased_0      1\n",
      "dtype: int64\n",
      "\n",
      "mincounts\n",
      "xlnet_large_cased_23    106\n",
      "gpt2_medium_23           97\n",
      "gpt2_medium_21           49\n",
      "gpt2_medium_20           49\n",
      "gpt2_medium_22           46\n",
      "gpt2_medium_13           40\n",
      "gpt2_medium_16           35\n",
      "gpt2_medium_18           34\n",
      "gpt2_medium_12           33\n",
      "gpt2_medium_15           32\n",
      "gpt2_medium_14           32\n",
      "gpt2_medium_19           30\n",
      "gpt2_medium_17           25\n",
      "gpt2_medium_10           24\n",
      "gpt2_medium_11           19\n",
      "xlnet_base_cased_10      11\n",
      "gpt2_medium_9            11\n",
      "xlnet_large_cased_20      9\n",
      "gpt2_medium_7             8\n",
      "xlnet_base_cased_0        8\n",
      "gpt2_medium_6             7\n",
      "xlnet_large_cased_16      6\n",
      "xlnet_base_cased_8        5\n",
      "xlnet_base_cased_9        5\n",
      "xlnet_base_cased_11       5\n",
      "xlnet_large_cased_22      4\n",
      "gpt2_medium_8             4\n",
      "xlnet_base_cased_1        4\n",
      "xlnet_base_cased_4        4\n",
      "xlnet_base_cased_6        3\n",
      "xlnet_large_cased_21      3\n",
      "xlnet_large_cased_14      2\n",
      "gpt2_medium_4             2\n",
      "xlnet_large_cased_17      2\n",
      "xlnet_large_cased_18      2\n",
      "gpt2_medium_0             2\n",
      "xlnet_large_cased_19      2\n",
      "xlnet_large_cased_10      1\n",
      "gpt2_medium_3             1\n",
      "xlnet_base_cased_7        1\n",
      "xlnet_base_cased_5        1\n",
      "xlnet_large_cased_9       1\n",
      "gpt2_medium_5             1\n",
      "xlnet_large_cased_1       1\n",
      "xlnet_base_cased_3        1\n",
      "dtype: int64\n",
      "\n",
      "corr_df_pctl\n",
      "          max       min       med\n",
      "max  1.000000  0.264357  0.503257\n",
      "min  0.264357  1.000000  0.447074\n",
      "med  0.503257  0.447074  1.000000\n",
      "\n",
      "maxlinreg\n",
      "\n",
      "maxcounts\n",
      "gpt2_small_2    768\n",
      "dtype: int64\n",
      "\n",
      "mincounts\n",
      "gpt2_medium_23         687\n",
      "gpt2_medium_22          37\n",
      "xlnet_base_cased_0      18\n",
      "xlnet_base_cased_11     16\n",
      "gpt2_medium_21           5\n",
      "xlnet_base_cased_1       1\n",
      "xlnet_base_cased_10      1\n",
      "xlnet_base_cased_4       1\n",
      "xlnet_base_cased_6       1\n",
      "xlnet_base_cased_9       1\n",
      "dtype: int64\n",
      "\n",
      "corr_df_pctl\n",
      "          max       min       med\n",
