{
 "cells": [
  {
   "cell_type": "markdown",
   "metadata": {},
   "source": [
    "# Summary\n",
    "- Analysis of fine-tuned models"
   ]
  },
  {
   "cell_type": "code",
   "execution_count": 1,
   "metadata": {},
   "outputs": [],
   "source": [
    "import pickle\n",
    "import matplotlib.pyplot as plt\n",
    "import numpy as np\n",
    "import pandas as pd\n",
    "from os.path import basename, dirname\n",
    "import torch\n",
    "import seaborn as sns\n",
    "sns.set_context(\"talk\")\n",
    "sns.set_style(\"white\")\n",
    "\n",
    "from ipywidgets import FloatSlider, interactive\n",
    "import sys\n",
    "sys.path.append('..')\n",
    "from var import fname2mname, network2pair, network_sort_key"
   ]
  },
  {
   "cell_type": "code",
   "execution_count": 2,
   "metadata": {},
   "outputs": [],
   "source": [
    "# loading in them all made my machine run out of memory\n",
    "method_l = [\n",
    "     \"maxcorr\", \n",
    "     \"mincorr\", \n",
    "     \"maxlinreg\", \n",
    "     \"minlinreg\", \n",
    "    \"cca\", \n",
    "    \"lincka\", \n",
    "    # \"rbfcka\",\n",
    "]"
   ]
  },
  {
   "cell_type": "code",
   "execution_count": 3,
   "metadata": {},
   "outputs": [],
   "source": [
    "# Set `res_d`, `network_l`, `num_neurons_d`\n",
    "base = \"/data/sls/temp/belinkov/contextual-corr-analysis/repr_fine_results5_\"\n",
    "res_fname = {method : base + method for method in \n",
    "                method_l}\n",
    "\n",
    "res_d = {}\n",
    "for method in method_l:\n",
    "    with open(res_fname[method], 'rb') as f:\n",
    "        res_d[method] = pickle.load(f)\n",
    "\n",
    "network_l = [network for network in res_d[\"cca\"][\"corrs\"]]\n",
    "network_l = sorted(network_l, key=network_sort_key)\n",
    "\n",
    "num_neurons_d = {}\n",
    "for network in network_l:\n",
    "    num_neurons_d[network] = len(next(iter(res_d[\"cca\"][\"corrs\"][network].values()))) # god this is a hack"
   ]
  },
  {
   "cell_type": "code",
   "execution_count": 4,
   "metadata": {},
   "outputs": [
    {
     "data": {
      "text/plain": [
       "['xlnet_base_cased-ptb_pos_dev_mnli_include_embeddings.hdf5_0',\n",
       " 'xlnet_base_cased-ptb_pos_dev_mnli_include_embeddings.hdf5_1',\n",
       " 'xlnet_base_cased-ptb_pos_dev_mnli_include_embeddings.hdf5_2',\n",
       " 'xlnet_base_cased-ptb_pos_dev_mnli_include_embeddings.hdf5_3',\n",
       " 'xlnet_base_cased-ptb_pos_dev_mnli_include_embeddings.hdf5_4',\n",
       " 'xlnet_base_cased-ptb_pos_dev_mnli_include_embeddings.hdf5_5',\n",
       " 'xlnet_base_cased-ptb_pos_dev_mnli_include_embeddings.hdf5_6',\n",
       " 'xlnet_base_cased-ptb_pos_dev_mnli_include_embeddings.hdf5_7',\n",
       " 'xlnet_base_cased-ptb_pos_dev_mnli_include_embeddings.hdf5_8',\n",
       " 'xlnet_base_cased-ptb_pos_dev_mnli_include_embeddings.hdf5_9',\n",
       " 'xlnet_base_cased-ptb_pos_dev_mnli_include_embeddings.hdf5_10',\n",
       " 'xlnet_base_cased-ptb_pos_dev_mnli_include_embeddings.hdf5_11',\n",
       " 'xlnet_base_cased-ptb_pos_dev_mnli_include_embeddings.hdf5_12',\n",
       " 'xlnet_base_cased-ptb_pos_dev_qnli_include_embeddings.hdf5_0',\n",
       " 'xlnet_base_cased-ptb_pos_dev_qnli_include_embeddings.hdf5_1',\n",
       " 'xlnet_base_cased-ptb_pos_dev_qnli_include_embeddings.hdf5_2',\n",
       " 'xlnet_base_cased-ptb_pos_dev_qnli_include_embeddings.hdf5_3',\n",
       " 'xlnet_base_cased-ptb_pos_dev_qnli_include_embeddings.hdf5_4',\n",
       " 'xlnet_base_cased-ptb_pos_dev_qnli_include_embeddings.hdf5_5',\n",
       " 'xlnet_base_cased-ptb_pos_dev_qnli_include_embeddings.hdf5_6',\n",
       " 'xlnet_base_cased-ptb_pos_dev_qnli_include_embeddings.hdf5_7',\n",
       " 'xlnet_base_cased-ptb_pos_dev_qnli_include_embeddings.hdf5_8',\n",
       " 'xlnet_base_cased-ptb_pos_dev_qnli_include_embeddings.hdf5_9',\n",
       " 'xlnet_base_cased-ptb_pos_dev_qnli_include_embeddings.hdf5_10',\n",
       " 'xlnet_base_cased-ptb_pos_dev_qnli_include_embeddings.hdf5_11',\n",
       " 'xlnet_base_cased-ptb_pos_dev_qnli_include_embeddings.hdf5_12',\n",
       " 'xlnet_base_cased-ptb_pos_dev_qqp_include_embeddings.hdf5_0',\n",
       " 'xlnet_base_cased-ptb_pos_dev_qqp_include_embeddings.hdf5_1',\n",
       " 'xlnet_base_cased-ptb_pos_dev_qqp_include_embeddings.hdf5_2',\n",
       " 'xlnet_base_cased-ptb_pos_dev_qqp_include_embeddings.hdf5_3',\n",
       " 'xlnet_base_cased-ptb_pos_dev_qqp_include_embeddings.hdf5_4',\n",
       " 'xlnet_base_cased-ptb_pos_dev_qqp_include_embeddings.hdf5_5',\n",
       " 'xlnet_base_cased-ptb_pos_dev_qqp_include_embeddings.hdf5_6',\n",
       " 'xlnet_base_cased-ptb_pos_dev_qqp_include_embeddings.hdf5_7',\n",
       " 'xlnet_base_cased-ptb_pos_dev_qqp_include_embeddings.hdf5_8',\n",
       " 'xlnet_base_cased-ptb_pos_dev_qqp_include_embeddings.hdf5_9',\n",
       " 'xlnet_base_cased-ptb_pos_dev_qqp_include_embeddings.hdf5_10',\n",
       " 'xlnet_base_cased-ptb_pos_dev_qqp_include_embeddings.hdf5_11',\n",
       " 'xlnet_base_cased-ptb_pos_dev_qqp_include_embeddings.hdf5_12',\n",
       " 'xlnet_base_cased-ptb_pos_dev_sst-2_include_embeddings.hdf5_0',\n",
       " 'xlnet_base_cased-ptb_pos_dev_sst-2_include_embeddings.hdf5_1',\n",
       " 'xlnet_base_cased-ptb_pos_dev_sst-2_include_embeddings.hdf5_2',\n",
       " 'xlnet_base_cased-ptb_pos_dev_sst-2_include_embeddings.hdf5_3',\n",
       " 'xlnet_base_cased-ptb_pos_dev_sst-2_include_embeddings.hdf5_4',\n",
       " 'xlnet_base_cased-ptb_pos_dev_sst-2_include_embeddings.hdf5_5',\n",
       " 'xlnet_base_cased-ptb_pos_dev_sst-2_include_embeddings.hdf5_6',\n",
       " 'xlnet_base_cased-ptb_pos_dev_sst-2_include_embeddings.hdf5_7',\n",
       " 'xlnet_base_cased-ptb_pos_dev_sst-2_include_embeddings.hdf5_8',\n",
       " 'xlnet_base_cased-ptb_pos_dev_sst-2_include_embeddings.hdf5_9',\n",
       " 'xlnet_base_cased-ptb_pos_dev_sst-2_include_embeddings.hdf5_10',\n",
       " 'xlnet_base_cased-ptb_pos_dev_sst-2_include_embeddings.hdf5_11',\n",
       " 'xlnet_base_cased-ptb_pos_dev_sst-2_include_embeddings.hdf5_12',\n",
       " 'xlnet_base_cased-ptb_pos_dev_unfine_include_embeddings.hdf5_0',\n",
       " 'xlnet_base_cased-ptb_pos_dev_unfine_include_embeddings.hdf5_1',\n",
       " 'xlnet_base_cased-ptb_pos_dev_unfine_include_embeddings.hdf5_2',\n",
       " 'xlnet_base_cased-ptb_pos_dev_unfine_include_embeddings.hdf5_3',\n",
       " 'xlnet_base_cased-ptb_pos_dev_unfine_include_embeddings.hdf5_4',\n",
       " 'xlnet_base_cased-ptb_pos_dev_unfine_include_embeddings.hdf5_5',\n",
       " 'xlnet_base_cased-ptb_pos_dev_unfine_include_embeddings.hdf5_6',\n",
       " 'xlnet_base_cased-ptb_pos_dev_unfine_include_embeddings.hdf5_7',\n",
       " 'xlnet_base_cased-ptb_pos_dev_unfine_include_embeddings.hdf5_8',\n",
       " 'xlnet_base_cased-ptb_pos_dev_unfine_include_embeddings.hdf5_9',\n",
       " 'xlnet_base_cased-ptb_pos_dev_unfine_include_embeddings.hdf5_10',\n",
       " 'xlnet_base_cased-ptb_pos_dev_unfine_include_embeddings.hdf5_11',\n",
       " 'xlnet_base_cased-ptb_pos_dev_unfine_include_embeddings.hdf5_12']"
      ]
     },
     "execution_count": 4,
     "metadata": {},
     "output_type": "execute_result"
    }
   ],
   "source": [
    "network_l"
   ]
  },
  {
   "cell_type": "markdown",
   "metadata": {},
   "source": [
    "# MaxCorr, MinCorr, MaxLinReg, MinLinReg"
   ]
  },
  {
   "cell_type": "markdown",
   "metadata": {},
   "source": [
    "### Sorts"
   ]
  },
  {
   "cell_type": "code",
   "execution_count": 5,
   "metadata": {},
   "outputs": [],
   "source": [
    "rk_methods = {\"maxcorr\", \"mincorr\", \"maxlinreg\", \"minlinreg\"}"
   ]
  },
  {
   "cell_type": "code",
   "execution_count": 6,
   "metadata": {},
   "outputs": [],
   "source": [
    "neuron_sorts = {network: {} for network in network_l}\n",
    "for network in network_l:\n",
    "    for method in rk_methods:\n",
    "        neuron_sorts[network][method] = res_d[method][\"neuron_sort\"][network]"
   ]
  },
  {
   "cell_type": "code",
   "execution_count": 7,
   "metadata": {},
   "outputs": [],
   "source": [
    "# Set `rk_ar_d`, `rk_df_d`, `spearman_d`\n",
    "rk_ar_d = {}\n",
    "rk_df_d = {}\n",
    "spearman_d = {}\n",
    "for network in network_l:\n",
    "    # rk_ar[method_ix, neuron] = rank\n",
    "    # need to invert the permutation\n",
    "    rk_ar = np.stack([\n",
    "            [neuron_sorts[network][method].index(neuron) for neuron in range(len(neuron_sorts[network][method]))]\n",
    "                      for method in rk_methods\n",
    "    ]).T\n",
    "    rk_df = pd.DataFrame(rk_ar, columns=list(rk_methods))\n",
    "    \n",
    "    rk_ar_d[network] = rk_ar\n",
    "    rk_df_d[network] = rk_df\n",
    "    spearman_d[network] = rk_df.corr()"
   ]
  },
  {
   "cell_type": "code",
   "execution_count": 8,
   "metadata": {},
   "outputs": [
    {
     "name": "stdout",
     "output_type": "stream",
     "text": [
      "xlnet_base_cased-ptb_pos_dev_mnli_include_embeddings.hdf5_0\n",
      "            maxcorr  minlinreg   mincorr  maxlinreg\n",
      "maxcorr    1.000000   0.127746  0.052248   0.646360\n",
      "minlinreg  0.127746   1.000000  0.607750   0.173463\n",
      "mincorr    0.052248   0.607750  1.000000   0.101822\n",
      "maxlinreg  0.646360   0.173463  0.101822   1.000000\n",
      "xlnet_base_cased-ptb_pos_dev_mnli_include_embeddings.hdf5_1\n",
      "            maxcorr  minlinreg   mincorr  maxlinreg\n",
      "maxcorr    1.000000  -0.295072 -0.172305   0.902854\n",
      "minlinreg -0.295072   1.000000  0.570897  -0.336561\n",
      "mincorr   -0.172305   0.570897  1.000000  -0.183025\n",
      "maxlinreg  0.902854  -0.336561 -0.183025   1.000000\n",
      "xlnet_base_cased-ptb_pos_dev_mnli_include_embeddings.hdf5_2\n",
      "            maxcorr  minlinreg   mincorr  maxlinreg\n",
      "maxcorr    1.000000  -0.344825 -0.182513   0.925523\n",
      "minlinreg -0.344825   1.000000  0.540138  -0.298883\n",
      "mincorr   -0.182513   0.540138  1.000000  -0.160275\n",
      "maxlinreg  0.925523  -0.298883 -0.160275   1.000000\n",
      "xlnet_base_cased-ptb_pos_dev_mnli_include_embeddings.hdf5_3\n",
      "            maxcorr  minlinreg   mincorr  maxlinreg\n",
      "maxcorr    1.000000  -0.352341 -0.197336   0.914825\n",
      "minlinreg -0.352341   1.000000  0.566739  -0.204313\n",
      "mincorr   -0.197336   0.566739  1.000000  -0.114567\n",
      "maxlinreg  0.914825  -0.204313 -0.114567   1.000000\n",
      "xlnet_base_cased-ptb_pos_dev_mnli_include_embeddings.hdf5_4\n",
      "            maxcorr  minlinreg   mincorr  maxlinreg\n",
      "maxcorr    1.000000  -0.069786 -0.081584   0.890784\n",
      "minlinreg -0.069786   1.000000  0.505554   0.055214\n",
      "mincorr   -0.081584   0.505554  1.000000  -0.042289\n",
      "maxlinreg  0.890784   0.055214 -0.042289   1.000000\n",
      "xlnet_base_cased-ptb_pos_dev_mnli_include_embeddings.hdf5_5\n",
      "            maxcorr  minlinreg   mincorr  maxlinreg\n",
      "maxcorr    1.000000   0.169645  0.037762   0.842314\n",
      "minlinreg  0.169645   1.000000  0.520741   0.280600\n",
      "mincorr    0.037762   0.520741  1.000000   0.096745\n",
      "maxlinreg  0.842314   0.280600  0.096745   1.000000\n",
      "xlnet_base_cased-ptb_pos_dev_mnli_include_embeddings.hdf5_6\n",
      "            maxcorr  minlinreg   mincorr  maxlinreg\n",
      "maxcorr    1.000000   0.200676 -0.022819   0.642668\n",
      "minlinreg  0.200676   1.000000  0.527680   0.413235\n",
      "mincorr   -0.022819   0.527680  1.000000   0.086186\n",
      "maxlinreg  0.642668   0.413235  0.086186   1.000000\n",
      "xlnet_base_cased-ptb_pos_dev_mnli_include_embeddings.hdf5_7\n",
      "            maxcorr  minlinreg   mincorr  maxlinreg\n",
      "maxcorr    1.000000   0.151258 -0.016271   0.380943\n",
      "minlinreg  0.151258   1.000000  0.527565   0.436572\n",
      "mincorr   -0.016271   0.527565  1.000000   0.082442\n",
      "maxlinreg  0.380943   0.436572  0.082442   1.000000\n",
      "xlnet_base_cased-ptb_pos_dev_mnli_include_embeddings.hdf5_8\n",
      "            maxcorr  minlinreg   mincorr  maxlinreg\n",
      "maxcorr    1.000000  -0.350119 -0.098122   0.890867\n",
      "minlinreg -0.350119   1.000000  0.606704  -0.269678\n",
      "mincorr   -0.098122   0.606704  1.000000  -0.082905\n",
      "maxlinreg  0.890867  -0.269678 -0.082905   1.000000\n",
      "xlnet_base_cased-ptb_pos_dev_mnli_include_embeddings.hdf5_9\n",
      "            maxcorr  minlinreg   mincorr  maxlinreg\n",
      "maxcorr    1.000000   0.010583 -0.073005   0.881823\n",
      "minlinreg  0.010583   1.000000  0.913761   0.086245\n",
      "mincorr   -0.073005   0.913761  1.000000  -0.005098\n",
      "maxlinreg  0.881823   0.086245 -0.005098   1.000000\n",
      "xlnet_base_cased-ptb_pos_dev_mnli_include_embeddings.hdf5_10\n",
      "            maxcorr  minlinreg   mincorr  maxlinreg\n",
      "maxcorr    1.000000   0.092888 -0.024250   0.828841\n",
      "minlinreg  0.092888   1.000000  0.929041   0.097827\n",
      "mincorr   -0.024250   0.929041  1.000000   0.002997\n",
      "maxlinreg  0.828841   0.097827  0.002997   1.000000\n",
      "xlnet_base_cased-ptb_pos_dev_mnli_include_embeddings.hdf5_11\n",
      "            maxcorr  minlinreg   mincorr  maxlinreg\n",
      "maxcorr    1.000000   0.072554 -0.025486   0.734963\n",
      "minlinreg  0.072554   1.000000  0.943256   0.208860\n",
      "mincorr   -0.025486   0.943256  1.000000   0.103379\n",
      "maxlinreg  0.734963   0.208860  0.103379   1.000000\n",
      "xlnet_base_cased-ptb_pos_dev_mnli_include_embeddings.hdf5_12\n",
      "            maxcorr  minlinreg   mincorr  maxlinreg\n",
      "maxcorr    1.000000   0.200936 -0.014966   0.762316\n",
      "minlinreg  0.200936   1.000000  0.888556   0.242712\n",
      "mincorr   -0.014966   0.888556  1.000000   0.016084\n",
      "maxlinreg  0.762316   0.242712  0.016084   1.000000\n",
      "xlnet_base_cased-ptb_pos_dev_qnli_include_embeddings.hdf5_0\n",
      "            maxcorr  minlinreg   mincorr  maxlinreg\n",
      "maxcorr    1.000000   0.110332  0.076978   0.654102\n",
      "minlinreg  0.110332   1.000000  0.623337   0.191014\n",
      "mincorr    0.076978   0.623337  1.000000   0.119635\n",
      "maxlinreg  0.654102   0.191014  0.119635   1.000000\n",
      "xlnet_base_cased-ptb_pos_dev_qnli_include_embeddings.hdf5_1\n",
      "            maxcorr  minlinreg   mincorr  maxlinreg\n",
      "maxcorr    1.000000  -0.354312 -0.210781   0.890202\n",
      "minlinreg -0.354312   1.000000  0.621627  -0.398878\n",
      "mincorr   -0.210781   0.621627  1.000000  -0.220111\n",
      "maxlinreg  0.890202  -0.398878 -0.220111   1.000000\n",
      "xlnet_base_cased-ptb_pos_dev_qnli_include_embeddings.hdf5_2\n",
      "            maxcorr  minlinreg   mincorr  maxlinreg\n",
      "maxcorr    1.000000  -0.400338 -0.203197   0.911152\n",
      "minlinreg -0.400338   1.000000  0.543069  -0.437012\n",
      "mincorr   -0.203197   0.543069  1.000000  -0.214555\n",
      "maxlinreg  0.911152  -0.437012 -0.214555   1.000000\n",
      "xlnet_base_cased-ptb_pos_dev_qnli_include_embeddings.hdf5_3\n",
      "            maxcorr  minlinreg   mincorr  maxlinreg\n",
      "maxcorr    1.000000  -0.413017 -0.204271   0.914153\n",
      "minlinreg -0.413017   1.000000  0.612760  -0.408329\n",
      "mincorr   -0.204271   0.612760  1.000000  -0.196541\n",
      "maxlinreg  0.914153  -0.408329 -0.196541   1.000000\n",
      "xlnet_base_cased-ptb_pos_dev_qnli_include_embeddings.hdf5_4\n",
      "            maxcorr  minlinreg   mincorr  maxlinreg\n",
      "maxcorr    1.000000  -0.405353 -0.175360   0.965794\n",
      "minlinreg -0.405353   1.000000  0.618872  -0.383506\n",
      "mincorr   -0.175360   0.618872  1.000000  -0.156741\n",
      "maxlinreg  0.965794  -0.383506 -0.156741   1.000000\n",
      "xlnet_base_cased-ptb_pos_dev_qnli_include_embeddings.hdf5_5\n",
      "            maxcorr  minlinreg   mincorr  maxlinreg\n",
      "maxcorr    1.000000  -0.394442 -0.150472   0.959809\n",
      "minlinreg -0.394442   1.000000  0.625636  -0.322308\n",
      "mincorr   -0.150472   0.625636  1.000000  -0.113212\n",
      "maxlinreg  0.959809  -0.322308 -0.113212   1.000000\n",
      "xlnet_base_cased-ptb_pos_dev_qnli_include_embeddings.hdf5_6\n",
      "            maxcorr  minlinreg   mincorr  maxlinreg\n",
      "maxcorr    1.000000  -0.173948 -0.008666   0.938724\n",
      "minlinreg -0.173948   1.000000  0.639451  -0.100710\n",
      "mincorr   -0.008666   0.639451  1.000000   0.036278\n",
      "maxlinreg  0.938724  -0.100710  0.036278   1.000000\n",
      "xlnet_base_cased-ptb_pos_dev_qnli_include_embeddings.hdf5_7\n",
      "            maxcorr  minlinreg   mincorr  maxlinreg\n",
      "maxcorr    1.000000  -0.002350  0.009375   0.941022\n",
      "minlinreg -0.002350   1.000000  0.677354   0.058600\n",
      "mincorr    0.009375   0.677354  1.000000   0.045540\n",
      "maxlinreg  0.941022   0.058600  0.045540   1.000000\n",
      "xlnet_base_cased-ptb_pos_dev_qnli_include_embeddings.hdf5_8\n",
      "            maxcorr  minlinreg   mincorr  maxlinreg\n",
      "maxcorr    1.000000   0.038338  0.023647   0.930601\n",
      "minlinreg  0.038338   1.000000  0.699476   0.112742\n",
      "mincorr    0.023647   0.699476  1.000000   0.089917\n",
      "maxlinreg  0.930601   0.112742  0.089917   1.000000\n",
      "xlnet_base_cased-ptb_pos_dev_qnli_include_embeddings.hdf5_9\n",
      "            maxcorr  minlinreg   mincorr  maxlinreg\n",
      "maxcorr    1.000000   0.301857  0.226511   0.547186\n",
      "minlinreg  0.301857   1.000000  0.703171   0.342081\n",
      "mincorr    0.226511   0.703171  1.000000   0.226301\n",
      "maxlinreg  0.547186   0.342081  0.226301   1.000000\n",
      "xlnet_base_cased-ptb_pos_dev_qnli_include_embeddings.hdf5_10\n",
      "            maxcorr  minlinreg   mincorr  maxlinreg\n",
      "maxcorr    1.000000   0.121392  0.307448   0.569352\n",
      "minlinreg  0.121392   1.000000  0.666070   0.096279\n",
      "mincorr    0.307448   0.666070  1.000000   0.398247\n",
      "maxlinreg  0.569352   0.096279  0.398247   1.000000\n",
      "xlnet_base_cased-ptb_pos_dev_qnli_include_embeddings.hdf5_11\n",
      "            maxcorr  minlinreg   mincorr  maxlinreg\n",
      "maxcorr    1.000000  -0.372394 -0.032622   0.861530\n",
      "minlinreg -0.372394   1.000000  0.596400  -0.514852\n",
      "mincorr   -0.032622   0.596400  1.000000  -0.087436\n",
      "maxlinreg  0.861530  -0.514852 -0.087436   1.000000\n",
      "xlnet_base_cased-ptb_pos_dev_qnli_include_embeddings.hdf5_12\n",
      "            maxcorr  minlinreg   mincorr  maxlinreg\n",
      "maxcorr    1.000000   0.542138  0.352904   0.928722\n",
      "minlinreg  0.542138   1.000000  0.855325   0.529200\n",
      "mincorr    0.352904   0.855325  1.000000   0.371868\n",
      "maxlinreg  0.928722   0.529200  0.371868   1.000000\n",
      "xlnet_base_cased-ptb_pos_dev_qqp_include_embeddings.hdf5_0\n",
      "            maxcorr  minlinreg   mincorr  maxlinreg\n",
      "maxcorr    1.000000   0.114553  0.093289   0.586267\n",
      "minlinreg  0.114553   1.000000  0.616898   0.199927\n",
      "mincorr    0.093289   0.616898  1.000000   0.122919\n",
      "maxlinreg  0.586267   0.199927  0.122919   1.000000\n",
      "xlnet_base_cased-ptb_pos_dev_qqp_include_embeddings.hdf5_1\n",
      "            maxcorr  minlinreg   mincorr  maxlinreg\n",
      "maxcorr    1.000000  -0.282615 -0.112918   0.881260\n",
      "minlinreg -0.282615   1.000000  0.587887  -0.333553\n",
      "mincorr   -0.112918   0.587887  1.000000  -0.135725\n",
      "maxlinreg  0.881260  -0.333553 -0.135725   1.000000\n",
      "xlnet_base_cased-ptb_pos_dev_qqp_include_embeddings.hdf5_2\n",
      "            maxcorr  minlinreg   mincorr  maxlinreg\n",
      "maxcorr    1.000000  -0.350140 -0.127902   0.934083\n",
      "minlinreg -0.350140   1.000000  0.532261  -0.370313\n",
      "mincorr   -0.127902   0.532261  1.000000  -0.125084\n",
      "maxlinreg  0.934083  -0.370313 -0.125084   1.000000\n",
      "xlnet_base_cased-ptb_pos_dev_qqp_include_embeddings.hdf5_3\n",
      "            maxcorr  minlinreg   mincorr  maxlinreg\n",
      "maxcorr    1.000000  -0.494678 -0.219079   0.961847\n",
      "minlinreg -0.494678   1.000000  0.599048  -0.459851\n",
      "mincorr   -0.219079   0.599048  1.000000  -0.181314\n",
      "maxlinreg  0.961847  -0.459851 -0.181314   1.000000\n",
      "xlnet_base_cased-ptb_pos_dev_qqp_include_embeddings.hdf5_4\n",
      "            maxcorr  minlinreg   mincorr  maxlinreg\n",
      "maxcorr    1.000000  -0.502051 -0.200124   0.913915\n",
      "minlinreg -0.502051   1.000000  0.677792  -0.376994\n",
      "mincorr   -0.200124   0.677792  1.000000  -0.091707\n",
      "maxlinreg  0.913915  -0.376994 -0.091707   1.000000\n",
      "xlnet_base_cased-ptb_pos_dev_qqp_include_embeddings.hdf5_5\n",
      "            maxcorr  minlinreg   mincorr  maxlinreg\n",
      "maxcorr    1.000000  -0.398659 -0.152814   0.464424\n",
      "minlinreg -0.398659   1.000000  0.753398   0.322672\n",
      "mincorr   -0.152814   0.753398  1.000000   0.406536\n",
      "maxlinreg  0.464424   0.322672  0.406536   1.000000\n",
      "xlnet_base_cased-ptb_pos_dev_qqp_include_embeddings.hdf5_6\n",
      "            maxcorr  minlinreg   mincorr  maxlinreg\n",
      "maxcorr    1.000000  -0.653958  0.430036   0.965951\n",
      "minlinreg -0.653958   1.000000  0.091638  -0.608399\n",
      "mincorr    0.430036   0.091638  1.000000   0.418573\n",
      "maxlinreg  0.965951  -0.608399  0.418573   1.000000\n",
      "xlnet_base_cased-ptb_pos_dev_qqp_include_embeddings.hdf5_7\n",
      "            maxcorr  minlinreg   mincorr  maxlinreg\n",
      "maxcorr    1.000000   0.476120  0.491482   0.964671\n",
      "minlinreg  0.476120   1.000000  0.945356   0.476916\n",
      "mincorr    0.491482   0.945356  1.000000   0.499745\n",
      "maxlinreg  0.964671   0.476916  0.499745   1.000000\n",
      "xlnet_base_cased-ptb_pos_dev_qqp_include_embeddings.hdf5_8\n",
      "            maxcorr  minlinreg   mincorr  maxlinreg\n",
      "maxcorr    1.000000   0.605154  0.634787   0.868872\n",
      "minlinreg  0.605154   1.000000  0.980945   0.449197\n",
      "mincorr    0.634787   0.980945  1.000000   0.481870\n",
      "maxlinreg  0.868872   0.449197  0.481870   1.000000\n",
      "xlnet_base_cased-ptb_pos_dev_qqp_include_embeddings.hdf5_9\n",
      "            maxcorr  minlinreg   mincorr  maxlinreg\n",
      "maxcorr    1.000000   0.596085  0.608902   0.822991\n",
      "minlinreg  0.596085   1.000000  0.984705   0.447042\n",
      "mincorr    0.608902   0.984705  1.000000   0.467886\n",
      "maxlinreg  0.822991   0.447042  0.467886   1.000000\n",
      "xlnet_base_cased-ptb_pos_dev_qqp_include_embeddings.hdf5_10\n",
      "            maxcorr  minlinreg   mincorr  maxlinreg\n",
      "maxcorr    1.000000   0.639833  0.658853   0.768078\n",
      "minlinreg  0.639833   1.000000  0.984518   0.419768\n",
      "mincorr    0.658853   0.984518  1.000000   0.439069\n",
      "maxlinreg  0.768078   0.419768  0.439069   1.000000\n",
      "xlnet_base_cased-ptb_pos_dev_qqp_include_embeddings.hdf5_11\n",
      "            maxcorr  minlinreg   mincorr  maxlinreg\n",
      "maxcorr    1.000000   0.683694  0.682022   0.094560\n",
      "minlinreg  0.683694   1.000000  0.983700  -0.003632\n",
      "mincorr    0.682022   0.983700  1.000000   0.004984\n",
      "maxlinreg  0.094560  -0.003632  0.004984   1.000000\n",
      "xlnet_base_cased-ptb_pos_dev_qqp_include_embeddings.hdf5_12\n",
      "            maxcorr  minlinreg   mincorr  maxlinreg\n",
      "maxcorr    1.000000   0.627028  0.647951   0.403782\n",
      "minlinreg  0.627028   1.000000  0.980516  -0.054628\n",
      "mincorr    0.647951   0.980516  1.000000  -0.054079\n",
      "maxlinreg  0.403782  -0.054628 -0.054079   1.000000\n",
      "xlnet_base_cased-ptb_pos_dev_sst-2_include_embeddings.hdf5_0\n",
      "            maxcorr  minlinreg   mincorr  maxlinreg\n",
      "maxcorr    1.000000   0.094916  0.073323   0.577794\n",
      "minlinreg  0.094916   1.000000  0.625266   0.184479\n",
      "mincorr    0.073323   0.625266  1.000000   0.087268\n",
      "maxlinreg  0.577794   0.184479  0.087268   1.000000\n",
      "xlnet_base_cased-ptb_pos_dev_sst-2_include_embeddings.hdf5_1\n",
      "            maxcorr  minlinreg   mincorr  maxlinreg\n",
      "maxcorr    1.000000  -0.326299 -0.128654   0.821753\n",
      "minlinreg -0.326299   1.000000  0.582058  -0.389354\n",
      "mincorr   -0.128654   0.582058  1.000000  -0.180750\n",
      "maxlinreg  0.821753  -0.389354 -0.180750   1.000000\n",
      "xlnet_base_cased-ptb_pos_dev_sst-2_include_embeddings.hdf5_2\n",
      "            maxcorr  minlinreg   mincorr  maxlinreg\n",
      "maxcorr    1.000000  -0.309727 -0.134491   0.882573\n",
      "minlinreg -0.309727   1.000000  0.565829  -0.396079\n",
      "mincorr   -0.134491   0.565829  1.000000  -0.201999\n",
      "maxlinreg  0.882573  -0.396079 -0.201999   1.000000\n",
      "xlnet_base_cased-ptb_pos_dev_sst-2_include_embeddings.hdf5_3\n",
      "            maxcorr  minlinreg   mincorr  maxlinreg\n",
      "maxcorr    1.000000  -0.408043 -0.186473   0.923532\n",
      "minlinreg -0.408043   1.000000  0.557396  -0.427464\n",
      "mincorr   -0.186473   0.557396  1.000000  -0.188734\n",
      "maxlinreg  0.923532  -0.427464 -0.188734   1.000000\n",
      "xlnet_base_cased-ptb_pos_dev_sst-2_include_embeddings.hdf5_4\n",
      "            maxcorr  minlinreg   mincorr  maxlinreg\n",
      "maxcorr    1.000000  -0.390329 -0.147004   0.922808\n",
      "minlinreg -0.390329   1.000000  0.520864  -0.367113\n",
      "mincorr   -0.147004   0.520864  1.000000  -0.129735\n",
      "maxlinreg  0.922808  -0.367113 -0.129735   1.000000\n",
      "xlnet_base_cased-ptb_pos_dev_sst-2_include_embeddings.hdf5_5\n",
      "            maxcorr  minlinreg   mincorr  maxlinreg\n",
      "maxcorr    1.000000  -0.244413 -0.106605   0.954061\n",
      "minlinreg -0.244413   1.000000  0.542718  -0.135869\n",
      "mincorr   -0.106605   0.542718  1.000000  -0.049551\n",
      "maxlinreg  0.954061  -0.135869 -0.049551   1.000000\n",
      "xlnet_base_cased-ptb_pos_dev_sst-2_include_embeddings.hdf5_6\n",
      "            maxcorr  minlinreg   mincorr  maxlinreg\n",
      "maxcorr    1.000000  -0.068551 -0.071014   0.912797\n",
      "minlinreg -0.068551   1.000000  0.516902   0.034429\n",
      "mincorr   -0.071014   0.516902  1.000000  -0.020924\n",
      "maxlinreg  0.912797   0.034429 -0.020924   1.000000\n",
      "xlnet_base_cased-ptb_pos_dev_sst-2_include_embeddings.hdf5_7\n",
      "            maxcorr  minlinreg   mincorr  maxlinreg\n",
      "maxcorr    1.000000   0.233825  0.133017   0.798102\n",
      "minlinreg  0.233825   1.000000  0.588718   0.340842\n",
      "mincorr    0.133017   0.588718  1.000000   0.252618\n",
      "maxlinreg  0.798102   0.340842  0.252618   1.000000\n",
      "xlnet_base_cased-ptb_pos_dev_sst-2_include_embeddings.hdf5_8\n",
      "            maxcorr  minlinreg   mincorr  maxlinreg\n",
      "maxcorr    1.000000   0.329179  0.272491   0.640352\n",
      "minlinreg  0.329179   1.000000  0.650161   0.470446\n",
      "mincorr    0.272491   0.650161  1.000000   0.433290\n",
      "maxlinreg  0.640352   0.470446  0.433290   1.000000\n",
      "xlnet_base_cased-ptb_pos_dev_sst-2_include_embeddings.hdf5_9\n",
      "            maxcorr  minlinreg   mincorr  maxlinreg\n",
      "maxcorr    1.000000   0.390450  0.399662   0.710875\n",
      "minlinreg  0.390450   1.000000  0.711700   0.477067\n",
      "mincorr    0.399662   0.711700  1.000000   0.481105\n",
      "maxlinreg  0.710875   0.477067  0.481105   1.000000\n",
      "xlnet_base_cased-ptb_pos_dev_sst-2_include_embeddings.hdf5_10\n",
      "            maxcorr  minlinreg   mincorr  maxlinreg\n",
      "maxcorr    1.000000   0.153165  0.292609   0.844305\n",
      "minlinreg  0.153165   1.000000  0.715440   0.097345\n",
      "mincorr    0.292609   0.715440  1.000000   0.234943\n",
      "maxlinreg  0.844305   0.097345  0.234943   1.000000\n",
      "xlnet_base_cased-ptb_pos_dev_sst-2_include_embeddings.hdf5_11\n",
      "            maxcorr  minlinreg   mincorr  maxlinreg\n",
      "maxcorr    1.000000   0.101305  0.038650   0.942455\n",
      "minlinreg  0.101305   1.000000  0.727880   0.018550\n",
      "mincorr    0.038650   0.727880  1.000000   0.008792\n",
      "maxlinreg  0.942455   0.018550  0.008792   1.000000\n",
      "xlnet_base_cased-ptb_pos_dev_sst-2_include_embeddings.hdf5_12\n",
      "            maxcorr  minlinreg   mincorr  maxlinreg\n",
      "maxcorr    1.000000   0.656865  0.483622   0.823053\n",
      "minlinreg  0.656865   1.000000  0.808740   0.719103\n",
      "mincorr    0.483622   0.808740  1.000000   0.450454\n",
      "maxlinreg  0.823053   0.719103  0.450454   1.000000\n",
      "xlnet_base_cased-ptb_pos_dev_unfine_include_embeddings.hdf5_0\n",
      "            maxcorr  minlinreg   mincorr  maxlinreg\n",
      "maxcorr    1.000000   0.097927  0.078293   0.617939\n",
      "minlinreg  0.097927   1.000000  0.625622   0.195654\n",
      "mincorr    0.078293   0.625622  1.000000   0.115127\n",
      "maxlinreg  0.617939   0.195654  0.115127   1.000000\n",
      "xlnet_base_cased-ptb_pos_dev_unfine_include_embeddings.hdf5_1\n",
      "            maxcorr  minlinreg   mincorr  maxlinreg\n",
      "maxcorr    1.000000  -0.391874 -0.147792   0.820327\n",
      "minlinreg -0.391874   1.000000  0.563314  -0.423500\n",
      "mincorr   -0.147792   0.563314  1.000000  -0.176940\n",
      "maxlinreg  0.820327  -0.423500 -0.176940   1.000000\n",
      "xlnet_base_cased-ptb_pos_dev_unfine_include_embeddings.hdf5_2\n",
      "            maxcorr  minlinreg   mincorr  maxlinreg\n",
      "maxcorr    1.000000  -0.344314 -0.141037   0.874136\n",
      "minlinreg -0.344314   1.000000  0.534844  -0.375400\n",
      "mincorr   -0.141037   0.534844  1.000000  -0.163786\n",
      "maxlinreg  0.874136  -0.375400 -0.163786   1.000000\n",
      "xlnet_base_cased-ptb_pos_dev_unfine_include_embeddings.hdf5_3\n",
      "            maxcorr  minlinreg   mincorr  maxlinreg\n",
      "maxcorr    1.000000  -0.435599 -0.190888   0.910561\n",
      "minlinreg -0.435599   1.000000  0.525958  -0.442525\n",
      "mincorr   -0.190888   0.525958  1.000000  -0.174298\n",
      "maxlinreg  0.910561  -0.442525 -0.174298   1.000000\n",
      "xlnet_base_cased-ptb_pos_dev_unfine_include_embeddings.hdf5_4\n",
      "            maxcorr  minlinreg   mincorr  maxlinreg\n",
      "maxcorr    1.000000  -0.528293 -0.220884   0.950899\n",
      "minlinreg -0.528293   1.000000  0.525267  -0.480191\n",
      "mincorr   -0.220884   0.525267  1.000000  -0.196553\n",
      "maxlinreg  0.950899  -0.480191 -0.196553   1.000000\n",
      "xlnet_base_cased-ptb_pos_dev_unfine_include_embeddings.hdf5_5\n",
      "            maxcorr  minlinreg   mincorr  maxlinreg\n",
      "maxcorr    1.000000  -0.402173 -0.203676   0.976312\n",
      "minlinreg -0.402173   1.000000  0.617285  -0.361766\n",
      "mincorr   -0.203676   0.617285  1.000000  -0.177379\n",
      "maxlinreg  0.976312  -0.361766 -0.177379   1.000000\n",
      "xlnet_base_cased-ptb_pos_dev_unfine_include_embeddings.hdf5_6\n",
      "            maxcorr  minlinreg   mincorr  maxlinreg\n",
      "maxcorr    1.000000  -0.350472 -0.151845   0.977649\n",
      "minlinreg -0.350472   1.000000  0.594647  -0.334044\n",
      "mincorr   -0.151845   0.594647  1.000000  -0.134471\n",
      "maxlinreg  0.977649  -0.334044 -0.134471   1.000000\n",
      "xlnet_base_cased-ptb_pos_dev_unfine_include_embeddings.hdf5_7\n",
      "            maxcorr  minlinreg   mincorr  maxlinreg\n",
      "maxcorr    1.000000  -0.274978 -0.101109   0.971775\n",
      "minlinreg -0.274978   1.000000  0.560560  -0.251465\n",
      "mincorr   -0.101109   0.560560  1.000000  -0.079835\n",
      "maxlinreg  0.971775  -0.251465 -0.079835   1.000000\n",
      "xlnet_base_cased-ptb_pos_dev_unfine_include_embeddings.hdf5_8\n",
      "            maxcorr  minlinreg   mincorr  maxlinreg\n",
      "maxcorr    1.000000  -0.233386 -0.091113   0.970844\n",
      "minlinreg -0.233386   1.000000  0.554481  -0.216319\n",
      "mincorr   -0.091113   0.554481  1.000000  -0.073922\n",
      "maxlinreg  0.970844  -0.216319 -0.073922   1.000000\n",
      "xlnet_base_cased-ptb_pos_dev_unfine_include_embeddings.hdf5_9\n",
      "            maxcorr  minlinreg   mincorr  maxlinreg\n",
      "maxcorr    1.000000  -0.156281 -0.074656   0.958452\n",
      "minlinreg -0.156281   1.000000  0.549447  -0.092319\n",
      "mincorr   -0.074656   0.549447  1.000000  -0.039731\n",
      "maxlinreg  0.958452  -0.092319 -0.039731   1.000000\n",
      "xlnet_base_cased-ptb_pos_dev_unfine_include_embeddings.hdf5_10\n",
      "            maxcorr  minlinreg   mincorr  maxlinreg\n",
      "maxcorr    1.000000  -0.021894 -0.001323   0.914671\n",
      "minlinreg -0.021894   1.000000  0.519423   0.066416\n",
      "mincorr   -0.001323   0.519423  1.000000   0.045024\n",
      "maxlinreg  0.914671   0.066416  0.045024   1.000000\n",
      "xlnet_base_cased-ptb_pos_dev_unfine_include_embeddings.hdf5_11\n",
      "            maxcorr  minlinreg   mincorr  maxlinreg\n",
      "maxcorr    1.000000  -0.016893  0.012775   0.769646\n",
      "minlinreg -0.016893   1.000000  0.524778   0.073904\n",
      "mincorr    0.012775   0.524778  1.000000   0.049823\n",
      "maxlinreg  0.769646   0.073904  0.049823   1.000000\n",
      "xlnet_base_cased-ptb_pos_dev_unfine_include_embeddings.hdf5_12\n",
      "            maxcorr  minlinreg   mincorr  maxlinreg\n",
      "maxcorr    1.000000   0.009025 -0.028025   0.838515\n",
      "minlinreg  0.009025   1.000000  0.494718   0.042309\n",
      "mincorr   -0.028025   0.494718  1.000000  -0.006345\n",
      "maxlinreg  0.838515   0.042309 -0.006345   1.000000\n"
     ]
    }
   ],
   "source": [
    "for network in network_l:\n",
    "    print(network)\n",
    "    # print(rk_df_d[network])\n",
    "    print(spearman_d[network])"
   ]
  },
  {
   "cell_type": "markdown",
   "metadata": {},
   "source": [
    "### Distributions"
   ]
  },
  {
   "cell_type": "code",
   "execution_count": 9,
   "metadata": {},
   "outputs": [
    {
     "name": "stdout",
     "output_type": "stream",
     "text": [
      "\n",
      "\n",
      "xlnet_base_cased-ptb_pos_dev_mnli_include_embeddings.hdf5_0:\n",
      "\n",
      "maxcorr\n",
      "\n",
      "maxcounts\n",
      "xlnet_base_cased-ptb_pos_dev_unfine_include_embeddings.hdf5_0    504\n",
      "xlnet_base_cased-ptb_pos_dev_sst-2_include_embeddings.hdf5_0     144\n",
      "xlnet_base_cased-ptb_pos_dev_qnli_include_embeddings.hdf5_0      112\n",
      "xlnet_base_cased-ptb_pos_dev_qqp_include_embeddings.hdf5_0         8\n",
      "dtype: int64\n",
      "\n",
      "mincounts\n",
      "xlnet_base_cased-ptb_pos_dev_qqp_include_embeddings.hdf5_12      168\n",
      "xlnet_base_cased-ptb_pos_dev_mnli_include_embeddings.hdf5_12     126\n",
      "xlnet_base_cased-ptb_pos_dev_qqp_include_embeddings.hdf5_11      124\n",
      "xlnet_base_cased-ptb_pos_dev_qqp_include_embeddings.hdf5_10      110\n",
      "xlnet_base_cased-ptb_pos_dev_qqp_include_embeddings.hdf5_9        92\n",
      "xlnet_base_cased-ptb_pos_dev_sst-2_include_embeddings.hdf5_12     72\n",
      "xlnet_base_cased-ptb_pos_dev_mnli_include_embeddings.hdf5_11      36\n",
      "xlnet_base_cased-ptb_pos_dev_mnli_include_embeddings.hdf5_10      14\n",
      "xlnet_base_cased-ptb_pos_dev_qnli_include_embeddings.hdf5_12      13\n",
      "xlnet_base_cased-ptb_pos_dev_qqp_include_embeddings.hdf5_8        12\n",
      "xlnet_base_cased-ptb_pos_dev_mnli_include_embeddings.hdf5_9        1\n",
      "dtype: int64\n",
      "\n",
      "corr_df_pctl\n",
      "          max       min       med\n",
      "max  1.000000  0.052248  0.271139\n",
      "min  0.052248  1.000000 -0.061803\n",
      "med  0.271139 -0.061803  1.000000\n",
      "\n",
      "minlinreg\n",
      "\n",
      "maxcounts\n",
      "xlnet_base_cased-ptb_pos_dev_unfine_include_embeddings.hdf5_0    766\n",
      "xlnet_base_cased-ptb_pos_dev_sst-2_include_embeddings.hdf5_0       2\n",
      "dtype: int64\n",
      "\n",
      "mincounts\n",
      "xlnet_base_cased-ptb_pos_dev_mnli_include_embeddings.hdf5_12    743\n",
      "xlnet_base_cased-ptb_pos_dev_qqp_include_embeddings.hdf5_12      25\n",
      "dtype: int64\n",
      "\n",
      "corr_df_pctl\n",
      "          max       min       med\n",
      "max  1.000000  0.173462  0.695577\n",
      "min  0.173462  1.000000  0.296877\n",
      "med  0.695577  0.296877  1.000000\n",
      "\n",
      "mincorr\n",
      "\n",
      "maxcounts\n",
      "xlnet_base_cased-ptb_pos_dev_unfine_include_embeddings.hdf5_0    504\n",
      "xlnet_base_cased-ptb_pos_dev_sst-2_include_embeddings.hdf5_0     144\n",
      "xlnet_base_cased-ptb_pos_dev_qnli_include_embeddings.hdf5_0      112\n",
      "xlnet_base_cased-ptb_pos_dev_qqp_include_embeddings.hdf5_0         8\n",
      "dtype: int64\n",
      "\n",
      "mincounts\n",
      "xlnet_base_cased-ptb_pos_dev_qqp_include_embeddings.hdf5_12      168\n",
      "xlnet_base_cased-ptb_pos_dev_mnli_include_embeddings.hdf5_12     126\n",
      "xlnet_base_cased-ptb_pos_dev_qqp_include_embeddings.hdf5_11      124\n",
      "xlnet_base_cased-ptb_pos_dev_qqp_include_embeddings.hdf5_10      110\n",
      "xlnet_base_cased-ptb_pos_dev_qqp_include_embeddings.hdf5_9        92\n",
      "xlnet_base_cased-ptb_pos_dev_sst-2_include_embeddings.hdf5_12     72\n",
      "xlnet_base_cased-ptb_pos_dev_mnli_include_embeddings.hdf5_11      36\n",
      "xlnet_base_cased-ptb_pos_dev_mnli_include_embeddings.hdf5_10      14\n",
      "xlnet_base_cased-ptb_pos_dev_qnli_include_embeddings.hdf5_12      13\n",
      "xlnet_base_cased-ptb_pos_dev_qqp_include_embeddings.hdf5_8        12\n",
      "xlnet_base_cased-ptb_pos_dev_mnli_include_embeddings.hdf5_9        1\n",
      "dtype: int64\n",
      "\n",
      "corr_df_pctl\n",
      "          max       min       med\n",
      "max  1.000000  0.052248  0.271139\n",
      "min  0.052248  1.000000 -0.061803\n",
      "med  0.271139 -0.061803  1.000000\n",
      "\n",
      "maxlinreg\n",
      "\n",
      "maxcounts\n",
      "xlnet_base_cased-ptb_pos_dev_unfine_include_embeddings.hdf5_0    766\n",
      "xlnet_base_cased-ptb_pos_dev_sst-2_include_embeddings.hdf5_0       2\n",
      "dtype: int64\n",
      "\n",
      "mincounts\n",
      "xlnet_base_cased-ptb_pos_dev_mnli_include_embeddings.hdf5_12    743\n",
      "xlnet_base_cased-ptb_pos_dev_qqp_include_embeddings.hdf5_12      25\n",
      "dtype: int64\n",
      "\n",
      "corr_df_pctl\n",
      "          max       min       med\n",
      "max  1.000000  0.173462  0.695577\n",
      "min  0.173462  1.000000  0.296877\n",
      "med  0.695577  0.296877  1.000000\n",
      "\n",
      "\n",
      "xlnet_base_cased-ptb_pos_dev_mnli_include_embeddings.hdf5_1:\n",
      "\n",
      "maxcorr\n",
      "\n",
      "maxcounts\n",
      "xlnet_base_cased-ptb_pos_dev_qnli_include_embeddings.hdf5_1      399\n",
      "xlnet_base_cased-ptb_pos_dev_sst-2_include_embeddings.hdf5_1     250\n",
      "xlnet_base_cased-ptb_pos_dev_unfine_include_embeddings.hdf5_1     80\n",
      "xlnet_base_cased-ptb_pos_dev_qqp_include_embeddings.hdf5_1        33\n",
      "xlnet_base_cased-ptb_pos_dev_mnli_include_embeddings.hdf5_0        6\n",
      "dtype: int64\n",
      "\n",
      "mincounts\n",
      "xlnet_base_cased-ptb_pos_dev_qqp_include_embeddings.hdf5_12      176\n",
      "xlnet_base_cased-ptb_pos_dev_qqp_include_embeddings.hdf5_11      126\n",
      "xlnet_base_cased-ptb_pos_dev_qqp_include_embeddings.hdf5_10      110\n",
