{
 "cells": [
  {
   "cell_type": "markdown",
   "metadata": {},
   "source": [
    "# Summary\n",
    "- the rand networks' layers look the same..."
   ]
  },
  {
   "cell_type": "code",
   "execution_count": 82,
   "metadata": {},
   "outputs": [],
   "source": [
    "import pickle\n",
    "import matplotlib.pyplot as plt\n",
    "import numpy as np\n",
    "import pandas as pd\n",
    "from os.path import basename, dirname\n",
    "import torch\n",
    "import seaborn as sns\n",
    "from ipywidgets import FloatSlider, interactive\n",
    "import sys\n",
    "sys.path.append('..')\n",
    "from var import fname2mname, network2pair, network_sort_key"
   ]
  },
  {
   "cell_type": "code",
   "execution_count": 83,
   "metadata": {},
   "outputs": [],
   "source": [
    "# loading in them all made my machine run out of memory\n",
    "method_l = [\n",
    "    \"maxcorr\", \n",
    "    \"mincorr\", \n",
    "    \"maxlinreg\", \n",
    "    \"minlinreg\", \n",
    "    \"cca\", \n",
    "    \"lincka\", \n",
    "    # \"rbfcka\",\n",
    "]"
   ]
  },
  {
   "cell_type": "code",
   "execution_count": 84,
   "metadata": {},
   "outputs": [],
   "source": [
    "# Set `res_d`, `network_l`, `num_neurons_d`\n",
    "base = \"/data/sls/temp/johnmwu/contextual-corr-analysis/results13_\"\n",
    "res_fname = {method : base + method for method in \n",
    "                method_l}\n",
    "\n",
    "res_d = {}\n",
    "for method in method_l:\n",
    "    with open(res_fname[method], 'rb') as f:\n",
    "        res_d[method] = pickle.load(f)\n",
    "\n",
    "network_l = [network for network in res_d[\"cca\"][\"corrs\"]]\n",
    "network_l = sorted(network_l, key=network_sort_key)\n",
    "\n",
    "num_neurons_d = {}\n",
    "for network in network_l:\n",
    "    num_neurons_d[network] = len(next(iter(res_d[\"cca\"][\"corrs\"][network].values()))) # god this is a hack"
   ]
  },
  {
   "cell_type": "code",
   "execution_count": 85,
   "metadata": {},
   "outputs": [
    {
     "data": {
      "text/plain": [
       "['gpt2_medium-ptb_pos_dev.hdf5_0',\n",
       " 'gpt2_medium-ptb_pos_dev.hdf5_1',\n",
       " 'gpt2_medium-ptb_pos_dev.hdf5_2',\n",
       " 'gpt2_medium-ptb_pos_dev.hdf5_3',\n",
       " 'gpt2_medium-ptb_pos_dev.hdf5_4',\n",
       " 'gpt2_medium-ptb_pos_dev.hdf5_5',\n",
       " 'gpt2_medium-ptb_pos_dev.hdf5_6',\n",
       " 'gpt2_medium-ptb_pos_dev.hdf5_7',\n",
       " 'gpt2_medium-ptb_pos_dev.hdf5_8',\n",
       " 'gpt2_medium-ptb_pos_dev.hdf5_9',\n",
       " 'gpt2_medium-ptb_pos_dev.hdf5_10',\n",
       " 'gpt2_medium-ptb_pos_dev.hdf5_11',\n",
       " 'gpt2_medium-ptb_pos_dev.hdf5_12',\n",
       " 'gpt2_medium-ptb_pos_dev.hdf5_13',\n",
       " 'gpt2_medium-ptb_pos_dev.hdf5_14',\n",
       " 'gpt2_medium-ptb_pos_dev.hdf5_15',\n",
       " 'gpt2_medium-ptb_pos_dev.hdf5_16',\n",
       " 'gpt2_medium-ptb_pos_dev.hdf5_17',\n",
       " 'gpt2_medium-ptb_pos_dev.hdf5_18',\n",
       " 'gpt2_medium-ptb_pos_dev.hdf5_19',\n",
       " 'gpt2_medium-ptb_pos_dev.hdf5_20',\n",
       " 'gpt2_medium-ptb_pos_dev.hdf5_21',\n",
       " 'gpt2_medium-ptb_pos_dev.hdf5_22',\n",
       " 'gpt2_medium-ptb_pos_dev.hdf5_23',\n",
       " 'gpt2_medium-ptb_pos_dev_rand.hdf5_0',\n",
       " 'gpt2_medium-ptb_pos_dev_rand.hdf5_1',\n",
       " 'gpt2_medium-ptb_pos_dev_rand.hdf5_2',\n",
       " 'gpt2_medium-ptb_pos_dev_rand.hdf5_3',\n",
       " 'gpt2_medium-ptb_pos_dev_rand.hdf5_4',\n",
       " 'gpt2_medium-ptb_pos_dev_rand.hdf5_5',\n",
       " 'gpt2_medium-ptb_pos_dev_rand.hdf5_6',\n",
       " 'gpt2_medium-ptb_pos_dev_rand.hdf5_7',\n",
       " 'gpt2_medium-ptb_pos_dev_rand.hdf5_8',\n",
       " 'gpt2_medium-ptb_pos_dev_rand.hdf5_9',\n",
       " 'gpt2_medium-ptb_pos_dev_rand.hdf5_10',\n",
       " 'gpt2_medium-ptb_pos_dev_rand.hdf5_11',\n",
       " 'gpt2_medium-ptb_pos_dev_rand.hdf5_12',\n",
       " 'gpt2_medium-ptb_pos_dev_rand.hdf5_13',\n",
       " 'gpt2_medium-ptb_pos_dev_rand.hdf5_14',\n",
       " 'gpt2_medium-ptb_pos_dev_rand.hdf5_15',\n",
       " 'gpt2_medium-ptb_pos_dev_rand.hdf5_16',\n",
       " 'gpt2_medium-ptb_pos_dev_rand.hdf5_17',\n",
       " 'gpt2_medium-ptb_pos_dev_rand.hdf5_18',\n",
       " 'gpt2_medium-ptb_pos_dev_rand.hdf5_19',\n",
       " 'gpt2_medium-ptb_pos_dev_rand.hdf5_20',\n",
       " 'gpt2_medium-ptb_pos_dev_rand.hdf5_21',\n",
       " 'gpt2_medium-ptb_pos_dev_rand.hdf5_22',\n",
       " 'gpt2_medium-ptb_pos_dev_rand.hdf5_23',\n",
       " 'gpt2_small-ptb_pos_dev.hdf5_0',\n",
       " 'gpt2_small-ptb_pos_dev.hdf5_1',\n",
       " 'gpt2_small-ptb_pos_dev.hdf5_2',\n",
       " 'gpt2_small-ptb_pos_dev.hdf5_3',\n",
       " 'gpt2_small-ptb_pos_dev.hdf5_4',\n",
       " 'gpt2_small-ptb_pos_dev.hdf5_5',\n",
       " 'gpt2_small-ptb_pos_dev.hdf5_6',\n",
       " 'gpt2_small-ptb_pos_dev.hdf5_7',\n",
       " 'gpt2_small-ptb_pos_dev.hdf5_8',\n",
       " 'gpt2_small-ptb_pos_dev.hdf5_9',\n",
       " 'gpt2_small-ptb_pos_dev.hdf5_10',\n",
       " 'gpt2_small-ptb_pos_dev.hdf5_11',\n",
       " 'gpt2_small-ptb_pos_dev_rand.hdf5_0',\n",
       " 'gpt2_small-ptb_pos_dev_rand.hdf5_1',\n",
       " 'gpt2_small-ptb_pos_dev_rand.hdf5_2',\n",
       " 'gpt2_small-ptb_pos_dev_rand.hdf5_3',\n",
       " 'gpt2_small-ptb_pos_dev_rand.hdf5_4',\n",
       " 'gpt2_small-ptb_pos_dev_rand.hdf5_5',\n",
       " 'gpt2_small-ptb_pos_dev_rand.hdf5_6',\n",
       " 'gpt2_small-ptb_pos_dev_rand.hdf5_7',\n",
       " 'gpt2_small-ptb_pos_dev_rand.hdf5_8',\n",
       " 'gpt2_small-ptb_pos_dev_rand.hdf5_9',\n",
       " 'gpt2_small-ptb_pos_dev_rand.hdf5_10',\n",
       " 'gpt2_small-ptb_pos_dev_rand.hdf5_11',\n",
       " 'xlnet_base_cased-ptb_pos_dev.hdf5_0',\n",
       " 'xlnet_base_cased-ptb_pos_dev.hdf5_1',\n",
       " 'xlnet_base_cased-ptb_pos_dev.hdf5_2',\n",
       " 'xlnet_base_cased-ptb_pos_dev.hdf5_3',\n",
       " 'xlnet_base_cased-ptb_pos_dev.hdf5_4',\n",
       " 'xlnet_base_cased-ptb_pos_dev.hdf5_5',\n",
       " 'xlnet_base_cased-ptb_pos_dev.hdf5_6',\n",
       " 'xlnet_base_cased-ptb_pos_dev.hdf5_7',\n",
       " 'xlnet_base_cased-ptb_pos_dev.hdf5_8',\n",
       " 'xlnet_base_cased-ptb_pos_dev.hdf5_9',\n",
       " 'xlnet_base_cased-ptb_pos_dev.hdf5_10',\n",
       " 'xlnet_base_cased-ptb_pos_dev.hdf5_11',\n",
       " 'xlnet_base_cased-ptb_pos_dev_rand.hdf5_0',\n",
       " 'xlnet_base_cased-ptb_pos_dev_rand.hdf5_1',\n",
       " 'xlnet_base_cased-ptb_pos_dev_rand.hdf5_2',\n",
       " 'xlnet_base_cased-ptb_pos_dev_rand.hdf5_3',\n",
       " 'xlnet_base_cased-ptb_pos_dev_rand.hdf5_4',\n",
       " 'xlnet_base_cased-ptb_pos_dev_rand.hdf5_5',\n",
       " 'xlnet_base_cased-ptb_pos_dev_rand.hdf5_6',\n",
       " 'xlnet_base_cased-ptb_pos_dev_rand.hdf5_7',\n",
       " 'xlnet_base_cased-ptb_pos_dev_rand.hdf5_8',\n",
       " 'xlnet_base_cased-ptb_pos_dev_rand.hdf5_9',\n",
       " 'xlnet_base_cased-ptb_pos_dev_rand.hdf5_10',\n",
       " 'xlnet_base_cased-ptb_pos_dev_rand.hdf5_11',\n",
       " 'xlnet_large_cased-ptb_pos_dev.hdf5_0',\n",
       " 'xlnet_large_cased-ptb_pos_dev.hdf5_1',\n",
       " 'xlnet_large_cased-ptb_pos_dev.hdf5_2',\n",
       " 'xlnet_large_cased-ptb_pos_dev.hdf5_3',\n",
       " 'xlnet_large_cased-ptb_pos_dev.hdf5_4',\n",
       " 'xlnet_large_cased-ptb_pos_dev.hdf5_5',\n",
       " 'xlnet_large_cased-ptb_pos_dev.hdf5_6',\n",
       " 'xlnet_large_cased-ptb_pos_dev.hdf5_7',\n",
       " 'xlnet_large_cased-ptb_pos_dev.hdf5_8',\n",
       " 'xlnet_large_cased-ptb_pos_dev.hdf5_9',\n",
       " 'xlnet_large_cased-ptb_pos_dev.hdf5_10',\n",
       " 'xlnet_large_cased-ptb_pos_dev.hdf5_11',\n",
       " 'xlnet_large_cased-ptb_pos_dev.hdf5_12',\n",
       " 'xlnet_large_cased-ptb_pos_dev.hdf5_13',\n",
       " 'xlnet_large_cased-ptb_pos_dev.hdf5_14',\n",
       " 'xlnet_large_cased-ptb_pos_dev.hdf5_15',\n",
       " 'xlnet_large_cased-ptb_pos_dev.hdf5_16',\n",
       " 'xlnet_large_cased-ptb_pos_dev.hdf5_17',\n",
       " 'xlnet_large_cased-ptb_pos_dev.hdf5_18',\n",
       " 'xlnet_large_cased-ptb_pos_dev.hdf5_19',\n",
       " 'xlnet_large_cased-ptb_pos_dev.hdf5_20',\n",
       " 'xlnet_large_cased-ptb_pos_dev.hdf5_21',\n",
       " 'xlnet_large_cased-ptb_pos_dev.hdf5_22',\n",
       " 'xlnet_large_cased-ptb_pos_dev.hdf5_23',\n",
       " 'xlnet_large_cased-ptb_pos_dev_rand.hdf5_0',\n",
       " 'xlnet_large_cased-ptb_pos_dev_rand.hdf5_1',\n",
       " 'xlnet_large_cased-ptb_pos_dev_rand.hdf5_2',\n",
       " 'xlnet_large_cased-ptb_pos_dev_rand.hdf5_3',\n",
       " 'xlnet_large_cased-ptb_pos_dev_rand.hdf5_4',\n",
       " 'xlnet_large_cased-ptb_pos_dev_rand.hdf5_5',\n",
       " 'xlnet_large_cased-ptb_pos_dev_rand.hdf5_6',\n",
       " 'xlnet_large_cased-ptb_pos_dev_rand.hdf5_7',\n",
       " 'xlnet_large_cased-ptb_pos_dev_rand.hdf5_8',\n",
       " 'xlnet_large_cased-ptb_pos_dev_rand.hdf5_9',\n",
       " 'xlnet_large_cased-ptb_pos_dev_rand.hdf5_10',\n",
       " 'xlnet_large_cased-ptb_pos_dev_rand.hdf5_11',\n",
       " 'xlnet_large_cased-ptb_pos_dev_rand.hdf5_12',\n",
       " 'xlnet_large_cased-ptb_pos_dev_rand.hdf5_13',\n",
       " 'xlnet_large_cased-ptb_pos_dev_rand.hdf5_14',\n",
       " 'xlnet_large_cased-ptb_pos_dev_rand.hdf5_15',\n",
       " 'xlnet_large_cased-ptb_pos_dev_rand.hdf5_16',\n",
       " 'xlnet_large_cased-ptb_pos_dev_rand.hdf5_17',\n",
       " 'xlnet_large_cased-ptb_pos_dev_rand.hdf5_18',\n",
       " 'xlnet_large_cased-ptb_pos_dev_rand.hdf5_19',\n",
       " 'xlnet_large_cased-ptb_pos_dev_rand.hdf5_20',\n",
       " 'xlnet_large_cased-ptb_pos_dev_rand.hdf5_21',\n",
       " 'xlnet_large_cased-ptb_pos_dev_rand.hdf5_22',\n",
       " 'xlnet_large_cased-ptb_pos_dev_rand.hdf5_23']"
      ]
     },
     "execution_count": 85,
     "metadata": {},
     "output_type": "execute_result"
    }
   ],
   "source": [
    "network_l"
   ]
  },
  {
   "cell_type": "markdown",
   "metadata": {},
   "source": [
    "# MaxCorr, MinCorr, MaxLinReg, MinLinReg"
   ]
  },
  {
   "cell_type": "markdown",
   "metadata": {},
   "source": [
    "### Sorts"
   ]
  },
  {
   "cell_type": "code",
   "execution_count": 86,
   "metadata": {},
   "outputs": [],
   "source": [
    "rk_methods = {\"maxcorr\", \"mincorr\", \"maxlinreg\", \"minlinreg\"}"
   ]
  },
  {
   "cell_type": "code",
   "execution_count": 87,
   "metadata": {},
   "outputs": [],
   "source": [
    "neuron_sorts = {network: {} for network in network_l}\n",
    "for network in network_l:\n",
    "    for method in rk_methods:\n",
    "        neuron_sorts[network][method] = res_d[method][\"neuron_sort\"][network]"
   ]
  },
  {
   "cell_type": "code",
   "execution_count": 88,
   "metadata": {},
   "outputs": [],
   "source": [
    "# Set `rk_ar_d`, `rk_df_d`, `spearman_d`\n",
    "rk_ar_d = {}\n",
    "rk_df_d = {}\n",
    "spearman_d = {}\n",
    "for network in network_l:\n",
    "    # rk_ar[method_ix, neuron] = rank\n",
    "    # need to invert the permutation\n",
    "    rk_ar = np.stack([\n",
    "            [neuron_sorts[network][method].index(neuron) for neuron in range(len(neuron_sorts[network][method]))]\n",
    "                      for method in rk_methods\n",
    "    ]).T\n",
    "    rk_df = pd.DataFrame(rk_ar, columns=list(rk_methods))\n",
    "    \n",
    "    rk_ar_d[network] = rk_ar\n",
    "    rk_df_d[network] = rk_df\n",
    "    spearman_d[network] = rk_df.corr()"
   ]
  },
  {
   "cell_type": "code",
   "execution_count": 89,
   "metadata": {},
   "outputs": [
    {
     "name": "stdout",
     "output_type": "stream",
     "text": [
      "gpt2_medium-ptb_pos_dev.hdf5_0\n",
      "           minlinreg  maxlinreg   mincorr   maxcorr\n",
      "minlinreg   1.000000   0.791165  0.694307  0.752486\n",
      "maxlinreg   0.791165   1.000000  0.538094  0.811927\n",
      "mincorr     0.694307   0.538094  1.000000  0.509983\n",
      "maxcorr     0.752486   0.811927  0.509983  1.000000\n",
      "gpt2_medium-ptb_pos_dev.hdf5_1\n",
      "           minlinreg  maxlinreg   mincorr   maxcorr\n",
      "minlinreg   1.000000   0.506554  0.667279  0.358264\n",
      "maxlinreg   0.506554   1.000000  0.215908  0.828639\n",
      "mincorr     0.667279   0.215908  1.000000  0.139552\n",
      "maxcorr     0.358264   0.828639  0.139552  1.000000\n",
      "gpt2_medium-ptb_pos_dev.hdf5_2\n",
      "           minlinreg  maxlinreg   mincorr   maxcorr\n",
      "minlinreg   1.000000   0.401506  0.664656  0.317503\n",
      "maxlinreg   0.401506   1.000000  0.169209  0.911981\n",
      "mincorr     0.664656   0.169209  1.000000  0.130757\n",
      "maxcorr     0.317503   0.911981  0.130757  1.000000\n",
      "gpt2_medium-ptb_pos_dev.hdf5_3\n",
      "           minlinreg  maxlinreg   mincorr   maxcorr\n",
      "minlinreg   1.000000   0.393910  0.691513  0.324541\n",
      "maxlinreg   0.393910   1.000000  0.192212  0.957635\n",
      "mincorr     0.691513   0.192212  1.000000  0.143572\n",
      "maxcorr     0.324541   0.957635  0.143572  1.000000\n",
      "gpt2_medium-ptb_pos_dev.hdf5_4\n",
      "           minlinreg  maxlinreg   mincorr   maxcorr\n",
      "minlinreg   1.000000   0.430548  0.700435  0.401738\n",
      "maxlinreg   0.430548   1.000000  0.224829  0.975512\n",
      "mincorr     0.700435   0.224829  1.000000  0.202401\n",
      "maxcorr     0.401738   0.975512  0.202401  1.000000\n",
      "gpt2_medium-ptb_pos_dev.hdf5_5\n",
      "           minlinreg  maxlinreg   mincorr   maxcorr\n",
      "minlinreg   1.000000   0.480760  0.698439  0.453131\n",
      "maxlinreg   0.480760   1.000000  0.280935  0.978090\n",
      "mincorr     0.698439   0.280935  1.000000  0.257431\n",
      "maxcorr     0.453131   0.978090  0.257431  1.000000\n",
      "gpt2_medium-ptb_pos_dev.hdf5_6\n",
      "           minlinreg  maxlinreg   mincorr   maxcorr\n",
      "minlinreg   1.000000   0.492395  0.682993  0.463245\n",
      "maxlinreg   0.492395   1.000000  0.311354  0.976071\n",
      "mincorr     0.682993   0.311354  1.000000  0.295759\n",
      "maxcorr     0.463245   0.976071  0.295759  1.000000\n",
      "gpt2_medium-ptb_pos_dev.hdf5_7\n",
      "           minlinreg  maxlinreg   mincorr   maxcorr\n",
      "minlinreg   1.000000   0.514057  0.669894  0.483488\n",
      "maxlinreg   0.514057   1.000000  0.318551  0.976484\n",
      "mincorr     0.669894   0.318551  1.000000  0.299826\n",
      "maxcorr     0.483488   0.976484  0.299826  1.000000\n",
      "gpt2_medium-ptb_pos_dev.hdf5_8\n",
      "           minlinreg  maxlinreg   mincorr   maxcorr\n",
      "minlinreg   1.000000   0.537290  0.665879  0.518204\n",
      "maxlinreg   0.537290   1.000000  0.334403  0.983629\n",
      "mincorr     0.665879   0.334403  1.000000  0.322298\n",
      "maxcorr     0.518204   0.983629  0.322298  1.000000\n",
      "gpt2_medium-ptb_pos_dev.hdf5_9\n",
      "           minlinreg  maxlinreg   mincorr   maxcorr\n",
      "minlinreg   1.000000   0.535559  0.665292  0.518182\n",
      "maxlinreg   0.535559   1.000000  0.324224  0.983301\n",
      "mincorr     0.665292   0.324224  1.000000  0.315093\n",
      "maxcorr     0.518182   0.983301  0.315093  1.000000\n",
      "gpt2_medium-ptb_pos_dev.hdf5_10\n",
      "           minlinreg  maxlinreg   mincorr   maxcorr\n",
      "minlinreg   1.000000   0.539988  0.666927  0.524795\n",
      "maxlinreg   0.539988   1.000000  0.326886  0.982307\n",
      "mincorr     0.666927   0.326886  1.000000  0.304309\n",
      "maxcorr     0.524795   0.982307  0.304309  1.000000\n",
      "gpt2_medium-ptb_pos_dev.hdf5_11\n",
      "           minlinreg  maxlinreg   mincorr   maxcorr\n",
      "minlinreg   1.000000   0.550367  0.664852  0.531848\n",
      "maxlinreg   0.550367   1.000000  0.334187  0.982001\n",
      "mincorr     0.664852   0.334187  1.000000  0.326597\n",
      "maxcorr     0.531848   0.982001  0.326597  1.000000\n",
      "gpt2_medium-ptb_pos_dev.hdf5_12\n",
      "           minlinreg  maxlinreg   mincorr   maxcorr\n",
      "minlinreg   1.000000   0.555195  0.663201  0.530084\n",
      "maxlinreg   0.555195   1.000000  0.339369  0.977367\n",
      "mincorr     0.663201   0.339369  1.000000  0.327065\n",
      "maxcorr     0.530084   0.977367  0.327065  1.000000\n",
      "gpt2_medium-ptb_pos_dev.hdf5_13\n",
      "           minlinreg  maxlinreg   mincorr   maxcorr\n",
      "minlinreg   1.000000   0.578573  0.664039  0.556211\n",
      "maxlinreg   0.578573   1.000000  0.354967  0.974331\n",
      "mincorr     0.664039   0.354967  1.000000  0.345264\n",
      "maxcorr     0.556211   0.974331  0.345264  1.000000\n",
      "gpt2_medium-ptb_pos_dev.hdf5_14\n",
      "           minlinreg  maxlinreg   mincorr   maxcorr\n",
      "minlinreg   1.000000   0.594958  0.674626  0.561062\n",
      "maxlinreg   0.594958   1.000000  0.375765  0.968964\n",
      "mincorr     0.674626   0.375765  1.000000  0.359831\n",
      "maxcorr     0.561062   0.968964  0.359831  1.000000\n",
      "gpt2_medium-ptb_pos_dev.hdf5_15\n",
      "           minlinreg  maxlinreg   mincorr   maxcorr\n",
      "minlinreg   1.000000   0.610353  0.697759  0.574155\n",
      "maxlinreg   0.610353   1.000000  0.384372  0.963171\n",
      "mincorr     0.697759   0.384372  1.000000  0.356253\n",
      "maxcorr     0.574155   0.963171  0.356253  1.000000\n",
      "gpt2_medium-ptb_pos_dev.hdf5_16\n",
      "           minlinreg  maxlinreg   mincorr   maxcorr\n",
      "minlinreg   1.000000   0.635140  0.701102  0.607328\n",
      "maxlinreg   0.635140   1.000000  0.421289  0.959453\n",
      "mincorr     0.701102   0.421289  1.000000  0.395900\n",
      "maxcorr     0.607328   0.959453  0.395900  1.000000\n",
      "gpt2_medium-ptb_pos_dev.hdf5_17\n",
      "           minlinreg  maxlinreg   mincorr   maxcorr\n",
      "minlinreg   1.000000   0.627269  0.699454  0.610784\n",
      "maxlinreg   0.627269   1.000000  0.415389  0.952212\n",
      "mincorr     0.699454   0.415389  1.000000  0.404477\n",
      "maxcorr     0.610784   0.952212  0.404477  1.000000\n",
      "gpt2_medium-ptb_pos_dev.hdf5_18\n",
      "           minlinreg  maxlinreg   mincorr   maxcorr\n",
      "minlinreg   1.000000   0.623012  0.695731  0.596389\n",
      "maxlinreg   0.623012   1.000000  0.419533  0.945366\n",
      "mincorr     0.695731   0.419533  1.000000  0.401498\n",
      "maxcorr     0.596389   0.945366  0.401498  1.000000\n",
      "gpt2_medium-ptb_pos_dev.hdf5_19\n",
      "           minlinreg  maxlinreg   mincorr   maxcorr\n",
      "minlinreg   1.000000   0.617489  0.698416  0.579550\n",
      "maxlinreg   0.617489   1.000000  0.414041  0.940806\n",
      "mincorr     0.698416   0.414041  1.000000  0.391319\n",
      "maxcorr     0.579550   0.940806  0.391319  1.000000\n",
      "gpt2_medium-ptb_pos_dev.hdf5_20\n",
      "           minlinreg  maxlinreg   mincorr   maxcorr\n",
      "minlinreg   1.000000   0.627283  0.702193  0.567456\n",
      "maxlinreg   0.627283   1.000000  0.412952  0.928317\n",
      "mincorr     0.702193   0.412952  1.000000  0.370465\n",
      "maxcorr     0.567456   0.928317  0.370465  1.000000\n",
      "gpt2_medium-ptb_pos_dev.hdf5_21\n",
      "           minlinreg  maxlinreg   mincorr   maxcorr\n",
      "minlinreg   1.000000   0.634738  0.715093  0.558116\n",
      "maxlinreg   0.634738   1.000000  0.389941  0.900840\n",
      "mincorr     0.715093   0.389941  1.000000  0.328393\n",
      "maxcorr     0.558116   0.900840  0.328393  1.000000\n",
      "gpt2_medium-ptb_pos_dev.hdf5_22\n",
      "           minlinreg  maxlinreg   mincorr   maxcorr\n",
      "minlinreg   1.000000   0.656387  0.706636  0.524341\n",
      "maxlinreg   0.656387   1.000000  0.376199  0.823185\n",
      "mincorr     0.706636   0.376199  1.000000  0.303974\n",
      "maxcorr     0.524341   0.823185  0.303974  1.000000\n",
      "gpt2_medium-ptb_pos_dev.hdf5_23\n",
      "           minlinreg  maxlinreg   mincorr   maxcorr\n",
      "minlinreg   1.000000   0.649723  0.692220  0.513908\n",
      "maxlinreg   0.649723   1.000000  0.355560  0.780896\n",
      "mincorr     0.692220   0.355560  1.000000  0.284897\n",
      "maxcorr     0.513908   0.780896  0.284897  1.000000\n",
      "gpt2_medium-ptb_pos_dev_rand.hdf5_0\n",
      "           minlinreg  maxlinreg   mincorr   maxcorr\n",
      "minlinreg   1.000000   0.136902  0.772419  0.310748\n",
      "maxlinreg   0.136902   1.000000  0.148894  0.498550\n",
      "mincorr     0.772419   0.148894  1.000000  0.241794\n",
      "maxcorr     0.310748   0.498550  0.241794  1.000000\n",
      "gpt2_medium-ptb_pos_dev_rand.hdf5_1\n",
      "           minlinreg  maxlinreg   mincorr   maxcorr\n",
      "minlinreg   1.000000   0.120143  0.577242  0.073413\n",
      "maxlinreg   0.120143   1.000000  0.481382  0.538338\n",
      "mincorr     0.577242   0.481382  1.000000  0.295949\n",
      "maxcorr     0.073413   0.538338  0.295949  1.000000\n",
      "gpt2_medium-ptb_pos_dev_rand.hdf5_2\n",
      "           minlinreg  maxlinreg   mincorr   maxcorr\n",
      "minlinreg   1.000000   0.203929  0.633016  0.121564\n",
      "maxlinreg   0.203929   1.000000  0.486909  0.645993\n",
      "mincorr     0.633016   0.486909  1.000000  0.334342\n",
      "maxcorr     0.121564   0.645993  0.334342  1.000000\n",
      "gpt2_medium-ptb_pos_dev_rand.hdf5_3\n",
      "           minlinreg  maxlinreg   mincorr   maxcorr\n",
      "minlinreg   1.000000   0.193314  0.652416  0.123769\n",
      "maxlinreg   0.193314   1.000000  0.460425  0.664829\n",
      "mincorr     0.652416   0.460425  1.000000  0.301177\n",
      "maxcorr     0.123769   0.664829  0.301177  1.000000\n",
      "gpt2_medium-ptb_pos_dev_rand.hdf5_4\n",
      "           minlinreg  maxlinreg   mincorr   maxcorr\n",
      "minlinreg   1.000000   0.242966  0.694982  0.160561\n",
      "maxlinreg   0.242966   1.000000  0.436699  0.686764\n",
      "mincorr     0.694982   0.436699  1.000000  0.306313\n",
      "maxcorr     0.160561   0.686764  0.306313  1.000000\n",
      "gpt2_medium-ptb_pos_dev_rand.hdf5_5\n",
      "           minlinreg  maxlinreg   mincorr   maxcorr\n",
      "minlinreg   1.000000   0.276532  0.674464  0.203293\n",
      "maxlinreg   0.276532   1.000000  0.437539  0.736150\n",
      "mincorr     0.674464   0.437539  1.000000  0.322696\n",
      "maxcorr     0.203293   0.736150  0.322696  1.000000\n",
      "gpt2_medium-ptb_pos_dev_rand.hdf5_6\n",
      "           minlinreg  maxlinreg   mincorr   maxcorr\n",
      "minlinreg   1.000000   0.275961  0.694877  0.240112\n",
      "maxlinreg   0.275961   1.000000  0.428391  0.741735\n",
      "mincorr     0.694877   0.428391  1.000000  0.343470\n",
      "maxcorr     0.240112   0.741735  0.343470  1.000000\n",
      "gpt2_medium-ptb_pos_dev_rand.hdf5_7\n",
      "           minlinreg  maxlinreg   mincorr   maxcorr\n",
      "minlinreg   1.000000   0.274217  0.711999  0.198358\n",
      "maxlinreg   0.274217   1.000000  0.420763  0.746412\n",
      "mincorr     0.711999   0.420763  1.000000  0.332294\n",
      "maxcorr     0.198358   0.746412  0.332294  1.000000\n",
      "gpt2_medium-ptb_pos_dev_rand.hdf5_8\n",
      "           minlinreg  maxlinreg   mincorr   maxcorr\n",
      "minlinreg   1.000000   0.276641  0.754495  0.208184\n",
      "maxlinreg   0.276641   1.000000  0.408187  0.769819\n",
      "mincorr     0.754495   0.408187  1.000000  0.345990\n",
      "maxcorr     0.208184   0.769819  0.345990  1.000000\n",
      "gpt2_medium-ptb_pos_dev_rand.hdf5_9\n",
      "           minlinreg  maxlinreg  mincorr   maxcorr\n",
      "minlinreg   1.000000   0.259311  0.74469  0.180146\n",
      "maxlinreg   0.259311   1.000000  0.39602  0.749468\n",
      "mincorr     0.744690   0.396020  1.00000  0.295080\n",
      "maxcorr     0.180146   0.749468  0.29508  1.000000\n",
      "gpt2_medium-ptb_pos_dev_rand.hdf5_10\n",
      "           minlinreg  maxlinreg   mincorr   maxcorr\n",
      "minlinreg   1.000000   0.240853  0.732107  0.172457\n",
      "maxlinreg   0.240853   1.000000  0.333183  0.752681\n",
      "mincorr     0.732107   0.333183  1.000000  0.279520\n",
      "maxcorr     0.172457   0.752681  0.279520  1.000000\n",
      "gpt2_medium-ptb_pos_dev_rand.hdf5_11\n",
      "           minlinreg  maxlinreg   mincorr   maxcorr\n",
      "minlinreg   1.000000   0.258962  0.741658  0.176037\n",
      "maxlinreg   0.258962   1.000000  0.333660  0.746170\n",
      "mincorr     0.741658   0.333660  1.000000  0.258716\n",
      "maxcorr     0.176037   0.746170  0.258716  1.000000\n",
      "gpt2_medium-ptb_pos_dev_rand.hdf5_12\n",
      "           minlinreg  maxlinreg   mincorr   maxcorr\n",
      "minlinreg   1.000000   0.236501  0.754176  0.215474\n",
      "maxlinreg   0.236501   1.000000  0.316247  0.760624\n",
      "mincorr     0.754176   0.316247  1.000000  0.260283\n",
      "maxcorr     0.215474   0.760624  0.260283  1.000000\n",
      "gpt2_medium-ptb_pos_dev_rand.hdf5_13\n",
      "           minlinreg  maxlinreg   mincorr   maxcorr\n",
      "minlinreg   1.000000   0.282409  0.758631  0.233012\n",
      "maxlinreg   0.282409   1.000000  0.341604  0.752319\n",
      "mincorr     0.758631   0.341604  1.000000  0.269802\n",
      "maxcorr     0.233012   0.752319  0.269802  1.000000\n",
      "gpt2_medium-ptb_pos_dev_rand.hdf5_14\n",
      "           minlinreg  maxlinreg   mincorr   maxcorr\n",
      "minlinreg   1.000000   0.256641  0.746322  0.224427\n",
      "maxlinreg   0.256641   1.000000  0.333719  0.758428\n",
      "mincorr     0.746322   0.333719  1.000000  0.303803\n",
      "maxcorr     0.224427   0.758428  0.303803  1.000000\n",
      "gpt2_medium-ptb_pos_dev_rand.hdf5_15\n",
      "           minlinreg  maxlinreg   mincorr   maxcorr\n",
      "minlinreg   1.000000   0.264105  0.750920  0.227983\n",
      "maxlinreg   0.264105   1.000000  0.347119  0.759661\n",
      "mincorr     0.750920   0.347119  1.000000  0.311272\n",
      "maxcorr     0.227983   0.759661  0.311272  1.000000\n",
      "gpt2_medium-ptb_pos_dev_rand.hdf5_16\n"
     ]
    },
    {
     "name": "stdout",
     "output_type": "stream",
     "text": [
      "           minlinreg  maxlinreg   mincorr   maxcorr\n",
      "minlinreg   1.000000   0.268485  0.766296  0.241620\n",
      "maxlinreg   0.268485   1.000000  0.349577  0.751791\n",
      "mincorr     0.766296   0.349577  1.000000  0.285690\n",
      "maxcorr     0.241620   0.751791  0.285690  1.000000\n",
      "gpt2_medium-ptb_pos_dev_rand.hdf5_17\n",
      "           minlinreg  maxlinreg   mincorr   maxcorr\n",
      "minlinreg   1.000000   0.284423  0.769536  0.262915\n",
      "maxlinreg   0.284423   1.000000  0.359242  0.754056\n",
      "mincorr     0.769536   0.359242  1.000000  0.329682\n",
      "maxcorr     0.262915   0.754056  0.329682  1.000000\n",
      "gpt2_medium-ptb_pos_dev_rand.hdf5_18\n",
      "           minlinreg  maxlinreg   mincorr   maxcorr\n",
      "minlinreg   1.000000   0.270862  0.773531  0.236153\n",
      "maxlinreg   0.270862   1.000000  0.345658  0.756066\n",
      "mincorr     0.773531   0.345658  1.000000  0.318089\n",
      "maxcorr     0.236153   0.756066  0.318089  1.000000\n",
      "gpt2_medium-ptb_pos_dev_rand.hdf5_19\n",
      "           minlinreg  maxlinreg   mincorr   maxcorr\n",
      "minlinreg   1.000000   0.287097  0.779059  0.267104\n",
      "maxlinreg   0.287097   1.000000  0.368184  0.764991\n",
      "mincorr     0.779059   0.368184  1.000000  0.312934\n",
      "maxcorr     0.267104   0.764991  0.312934  1.000000\n",
      "gpt2_medium-ptb_pos_dev_rand.hdf5_20\n",
      "           minlinreg  maxlinreg   mincorr   maxcorr\n",
      "minlinreg   1.000000   0.304939  0.768849  0.283458\n",
      "maxlinreg   0.304939   1.000000  0.354409  0.775332\n",
      "mincorr     0.768849   0.354409  1.000000  0.299846\n",
      "maxcorr     0.283458   0.775332  0.299846  1.000000\n",
      "gpt2_medium-ptb_pos_dev_rand.hdf5_21\n",
      "           minlinreg  maxlinreg   mincorr   maxcorr\n",
      "minlinreg   1.000000   0.304818  0.784994  0.239476\n",
      "maxlinreg   0.304818   1.000000  0.372183  0.771771\n",
      "mincorr     0.784994   0.372183  1.000000  0.279871\n",
      "maxcorr     0.239476   0.771771  0.279871  1.000000\n",
      "gpt2_medium-ptb_pos_dev_rand.hdf5_22\n",
      "           minlinreg  maxlinreg   mincorr   maxcorr\n",
      "minlinreg   1.000000   0.297545  0.768695  0.246142\n",
      "maxlinreg   0.297545   1.000000  0.349943  0.754104\n",
      "mincorr     0.768695   0.349943  1.000000  0.295981\n",
      "maxcorr     0.246142   0.754104  0.295981  1.000000\n",
      "gpt2_medium-ptb_pos_dev_rand.hdf5_23\n",
      "           minlinreg  maxlinreg   mincorr   maxcorr\n",
      "minlinreg   1.000000   0.280608  0.770556  0.243843\n",
      "maxlinreg   0.280608   1.000000  0.347903  0.694186\n",
      "mincorr     0.770556   0.347903  1.000000  0.282745\n",
      "maxcorr     0.243843   0.694186  0.282745  1.000000\n",
      "gpt2_small-ptb_pos_dev.hdf5_0\n",
      "           minlinreg  maxlinreg   mincorr   maxcorr\n",
      "minlinreg   1.000000   0.678274  0.713920  0.573365\n",
      "maxlinreg   0.678274   1.000000  0.590801  0.773570\n",
      "mincorr     0.713920   0.590801  1.000000  0.557334\n",
      "maxcorr     0.573365   0.773570  0.557334  1.000000\n",
      "gpt2_small-ptb_pos_dev.hdf5_1\n",
      "           minlinreg  maxlinreg   mincorr   maxcorr\n",
      "minlinreg   1.000000   0.538496  0.667501  0.409683\n",
      "maxlinreg   0.538496   1.000000  0.347827  0.926233\n",
      "mincorr     0.667501   0.347827  1.000000  0.254343\n",
      "maxcorr     0.409683   0.926233  0.254343  1.000000\n",
      "gpt2_small-ptb_pos_dev.hdf5_2\n",
      "           minlinreg  maxlinreg   mincorr   maxcorr\n",
      "minlinreg   1.000000   0.386857  0.628336  0.337130\n",
      "maxlinreg   0.386857   1.000000  0.220919  0.964546\n",
      "mincorr     0.628336   0.220919  1.000000  0.172128\n",
      "maxcorr     0.337130   0.964546  0.172128  1.000000\n",
      "gpt2_small-ptb_pos_dev.hdf5_3\n",
      "           minlinreg  maxlinreg   mincorr   maxcorr\n",
      "minlinreg   1.000000   0.414505  0.629628  0.369334\n",
      "maxlinreg   0.414505   1.000000  0.253897  0.975084\n",
      "mincorr     0.629628   0.253897  1.000000  0.212385\n",
      "maxcorr     0.369334   0.975084  0.212385  1.000000\n",
      "gpt2_small-ptb_pos_dev.hdf5_4\n",
      "           minlinreg  maxlinreg   mincorr   maxcorr\n",
      "minlinreg   1.000000   0.462972  0.630630  0.437503\n",
      "maxlinreg   0.462972   1.000000  0.293713  0.981487\n",
      "mincorr     0.630630   0.293713  1.000000  0.280205\n",
      "maxcorr     0.437503   0.981487  0.280205  1.000000\n",
      "gpt2_small-ptb_pos_dev.hdf5_5\n",
      "           minlinreg  maxlinreg   mincorr   maxcorr\n",
      "minlinreg   1.000000   0.506060  0.648544  0.484058\n",
      "maxlinreg   0.506060   1.000000  0.316530  0.988353\n",
      "mincorr     0.648544   0.316530  1.000000  0.300267\n",
      "maxcorr     0.484058   0.988353  0.300267  1.000000\n",
      "gpt2_small-ptb_pos_dev.hdf5_6\n",
      "           minlinreg  maxlinreg   mincorr   maxcorr\n",
      "minlinreg   1.000000   0.530272  0.653793  0.519161\n",
      "maxlinreg   0.530272   1.000000  0.315406  0.982825\n",
      "mincorr     0.653793   0.315406  1.000000  0.311091\n",
      "maxcorr     0.519161   0.982825  0.311091  1.000000\n",
      "gpt2_small-ptb_pos_dev.hdf5_7\n",
      "           minlinreg  maxlinreg   mincorr   maxcorr\n",
      "minlinreg   1.000000   0.522445  0.675685  0.502401\n",
      "maxlinreg   0.522445   1.000000  0.324360  0.978426\n",
      "mincorr     0.675685   0.324360  1.000000  0.312547\n",
      "maxcorr     0.502401   0.978426  0.312547  1.000000\n",
      "gpt2_small-ptb_pos_dev.hdf5_8\n",
      "           minlinreg  maxlinreg   mincorr   maxcorr\n",
      "minlinreg   1.000000   0.554079  0.647728  0.526244\n",
      "maxlinreg   0.554079   1.000000  0.327322  0.961670\n",
      "mincorr     0.647728   0.327322  1.000000  0.306889\n",
      "maxcorr     0.526244   0.961670  0.306889  1.000000\n",
      "gpt2_small-ptb_pos_dev.hdf5_9\n",
      "           minlinreg  maxlinreg   mincorr   maxcorr\n",
      "minlinreg   1.000000   0.585864  0.671837  0.539696\n",
      "maxlinreg   0.585864   1.000000  0.323909  0.941543\n",
      "mincorr     0.671837   0.323909  1.000000  0.291050\n",
      "maxcorr     0.539696   0.941543  0.291050  1.000000\n",
      "gpt2_small-ptb_pos_dev.hdf5_10\n",
      "           minlinreg  maxlinreg   mincorr   maxcorr\n",
      "minlinreg   1.000000   0.632319  0.657150  0.565779\n",
      "maxlinreg   0.632319   1.000000  0.355827  0.908503\n",
      "mincorr     0.657150   0.355827  1.000000  0.309825\n",
      "maxcorr     0.565779   0.908503  0.309825  1.000000\n",
      "gpt2_small-ptb_pos_dev.hdf5_11\n",
      "           minlinreg  maxlinreg   mincorr   maxcorr\n",
      "minlinreg   1.000000   0.656815  0.685396  0.543161\n",
      "maxlinreg   0.656815   1.000000  0.381141  0.849296\n",
      "mincorr     0.685396   0.381141  1.000000  0.322161\n",
      "maxcorr     0.543161   0.849296  0.322161  1.000000\n",
      "gpt2_small-ptb_pos_dev_rand.hdf5_0\n",
      "           minlinreg  maxlinreg   mincorr   maxcorr\n",
      "minlinreg   1.000000   0.168465  0.774098  0.242053\n",
      "maxlinreg   0.168465   1.000000  0.162470  0.491566\n",
      "mincorr     0.774098   0.162470  1.000000  0.197495\n",
      "maxcorr     0.242053   0.491566  0.197495  1.000000\n",
      "gpt2_small-ptb_pos_dev_rand.hdf5_1\n",
      "           minlinreg  maxlinreg   mincorr   maxcorr\n",
      "minlinreg   1.000000   0.167984  0.553495  0.098287\n",
      "maxlinreg   0.167984   1.000000  0.453352  0.526849\n",
      "mincorr     0.553495   0.453352  1.000000  0.232350\n",
      "maxcorr     0.098287   0.526849  0.232350  1.000000\n",
      "gpt2_small-ptb_pos_dev_rand.hdf5_2\n",
      "           minlinreg  maxlinreg   mincorr   maxcorr\n",
      "minlinreg   1.000000   0.111751  0.607181  0.098241\n",
      "maxlinreg   0.111751   1.000000  0.392987  0.584115\n",
      "mincorr     0.607181   0.392987  1.000000  0.257937\n",
      "maxcorr     0.098241   0.584115  0.257937  1.000000\n",
      "gpt2_small-ptb_pos_dev_rand.hdf5_3\n",
      "           minlinreg  maxlinreg   mincorr   maxcorr\n",
      "minlinreg   1.000000   0.141704  0.666930  0.109062\n",
      "maxlinreg   0.141704   1.000000  0.338835  0.628429\n",
      "mincorr     0.666930   0.338835  1.000000  0.241346\n",
      "maxcorr     0.109062   0.628429  0.241346  1.000000\n",
      "gpt2_small-ptb_pos_dev_rand.hdf5_4\n",
      "           minlinreg  maxlinreg   mincorr   maxcorr\n",
      "minlinreg   1.000000   0.180892  0.664202  0.128726\n",
      "maxlinreg   0.180892   1.000000  0.370387  0.660782\n",
      "mincorr     0.664202   0.370387  1.000000  0.280384\n",
      "maxcorr     0.128726   0.660782  0.280384  1.000000\n",
      "gpt2_small-ptb_pos_dev_rand.hdf5_5\n",
      "           minlinreg  maxlinreg   mincorr   maxcorr\n",
      "minlinreg   1.000000   0.180134  0.685956  0.158366\n",
      "maxlinreg   0.180134   1.000000  0.342486  0.698701\n",
      "mincorr     0.685956   0.342486  1.000000  0.285575\n",
      "maxcorr     0.158366   0.698701  0.285575  1.000000\n",
      "gpt2_small-ptb_pos_dev_rand.hdf5_6\n",
      "           minlinreg  maxlinreg   mincorr   maxcorr\n",
      "minlinreg   1.000000   0.236335  0.698592  0.184427\n",
      "maxlinreg   0.236335   1.000000  0.375927  0.705814\n",
      "mincorr     0.698592   0.375927  1.000000  0.277130\n",
      "maxcorr     0.184427   0.705814  0.277130  1.000000\n",
      "gpt2_small-ptb_pos_dev_rand.hdf5_7\n",
      "           minlinreg  maxlinreg   mincorr   maxcorr\n",
      "minlinreg   1.000000   0.182723  0.713015  0.150872\n",
      "maxlinreg   0.182723   1.000000  0.311762  0.691762\n",
      "mincorr     0.713015   0.311762  1.000000  0.233414\n",
      "maxcorr     0.150872   0.691762  0.233414  1.000000\n",
      "gpt2_small-ptb_pos_dev_rand.hdf5_8\n"
     ]
    },
    {
     "name": "stdout",
     "output_type": "stream",
     "text": [
      "           minlinreg  maxlinreg   mincorr   maxcorr\n",
      "minlinreg   1.000000   0.186428  0.703966  0.112815\n",
      "maxlinreg   0.186428   1.000000  0.295903  0.730335\n",
      "mincorr     0.703966   0.295903  1.000000  0.184949\n",
      "maxcorr     0.112815   0.730335  0.184949  1.000000\n",
      "gpt2_small-ptb_pos_dev_rand.hdf5_9\n",
      "           minlinreg  maxlinreg   mincorr   maxcorr\n",
      "minlinreg   1.000000   0.205246  0.717472  0.170167\n",
      "maxlinreg   0.205246   1.000000  0.310089  0.720999\n",
      "mincorr     0.717472   0.310089  1.000000  0.245039\n",
      "maxcorr     0.170167   0.720999  0.245039  1.000000\n",
      "gpt2_small-ptb_pos_dev_rand.hdf5_10\n",
      "           minlinreg  maxlinreg   mincorr   maxcorr\n",
      "minlinreg   1.000000   0.168267  0.703913  0.168700\n",
      "maxlinreg   0.168267   1.000000  0.317541  0.717482\n",
      "mincorr     0.703913   0.317541  1.000000  0.242583\n",
      "maxcorr     0.168700   0.717482  0.242583  1.000000\n",
      "gpt2_small-ptb_pos_dev_rand.hdf5_11\n",
      "           minlinreg  maxlinreg   mincorr   maxcorr\n",
      "minlinreg   1.000000   0.189642  0.702213  0.149991\n",
      "maxlinreg   0.189642   1.000000  0.311823  0.633062\n",
      "mincorr     0.702213   0.311823  1.000000  0.209177\n",
      "maxcorr     0.149991   0.633062  0.209177  1.000000\n",
      "xlnet_base_cased-ptb_pos_dev.hdf5_0\n",
      "           minlinreg  maxlinreg   mincorr   maxcorr\n",
      "minlinreg   1.000000   0.635627  0.693968 -0.007275\n",
      "maxlinreg   0.635627   1.000000  0.398961  0.242010\n",
      "mincorr     0.693968   0.398961  1.000000 -0.101149\n",
      "maxcorr    -0.007275   0.242010 -0.101149  1.000000\n",
      "xlnet_base_cased-ptb_pos_dev.hdf5_1\n",
      "           minlinreg  maxlinreg   mincorr   maxcorr\n",
      "minlinreg   1.000000   0.119863  0.595270  0.042568\n",
      "maxlinreg   0.119863   1.000000 -0.133423  0.946367\n",
      "mincorr     0.595270  -0.133423  1.000000 -0.188896\n",
      "maxcorr     0.042568   0.946367 -0.188896  1.000000\n",
      "xlnet_base_cased-ptb_pos_dev.hdf5_2\n",
      "           minlinreg  maxlinreg   mincorr   maxcorr\n",
      "minlinreg   1.000000   0.200264  0.548165  0.139903\n",
      "maxlinreg   0.200264   1.000000 -0.079107  0.967387\n",
      "mincorr     0.548165  -0.079107  1.000000 -0.113969\n",
      "maxcorr     0.139903   0.967387 -0.113969  1.000000\n",
      "xlnet_base_cased-ptb_pos_dev.hdf5_3\n",
      "           minlinreg  maxlinreg   mincorr   maxcorr\n",
      "minlinreg   1.000000   0.190418  0.503377  0.136660\n",
      "maxlinreg   0.190418   1.000000 -0.077550  0.974888\n",
      "mincorr     0.503377  -0.077550  1.000000 -0.111632\n",
      "maxcorr     0.136660   0.974888 -0.111632  1.000000\n",
      "xlnet_base_cased-ptb_pos_dev.hdf5_4\n",
      "           minlinreg  maxlinreg   mincorr   maxcorr\n",
      "minlinreg   1.000000   0.212990  0.556008  0.172851\n",
      "maxlinreg   0.212990   1.000000 -0.060754  0.975514\n",
      "mincorr     0.556008  -0.060754  1.000000 -0.076425\n",
      "maxcorr     0.172851   0.975514 -0.076425  1.000000\n",
      "xlnet_base_cased-ptb_pos_dev.hdf5_5\n",
      "           minlinreg  maxlinreg   mincorr   maxcorr\n",
      "minlinreg   1.000000   0.278055  0.598549  0.218513\n",
      "maxlinreg   0.278055   1.000000  0.008690  0.975343\n",
      "mincorr     0.598549   0.008690  1.000000 -0.023739\n",
      "maxcorr     0.218513   0.975343 -0.023739  1.000000\n",
      "xlnet_base_cased-ptb_pos_dev.hdf5_6\n",
      "           minlinreg  maxlinreg   mincorr   maxcorr\n",
      "minlinreg   1.000000   0.260100  0.638684  0.225836\n",
      "maxlinreg   0.260100   1.000000  0.073489  0.978425\n",
