{
 "cells": [
  {
   "cell_type": "markdown",
   "metadata": {},
   "source": [
    "# Summary\n",
    "- mincorr and minlinreg are similar. maxcorr and maxlinreg are similar. \n",
    "- spearman among different layers is lower (even goes negative) in lower layers for:\n",
    "    - bert_large\n",
    "    - openai\n",
    "    - bert_base\n",
    "  \n",
    "  but not true for elmo or calypso\n",
    "- intermediate layers appear most similar to the next and previous layer of the same model\n",
    "- lower layers (eg. in bert) are more correlated with lower layers in other models\n",
    "- in the larger bert, new layers are effectively inserted between old ones (see heatmap), although the last few layers don't seem to follow this. Corroborates the result in \"Similarity of Neural Network Representations Revisited\"\n",
    "- xlnet large and bert large have an interesting relationship. The lower levels of xlnet seem to correspond to the higher layers of bert"
   ]
  },
  {
   "cell_type": "code",
   "execution_count": 1,
   "metadata": {},
   "outputs": [],
   "source": [
    "import json\n",
    "import matplotlib.pyplot as plt\n",
    "import numpy as np\n",
    "import pandas as pd\n",
    "from os.path import basename, dirname\n",
    "import torch\n",
    "import seaborn as sns"
   ]
  },
  {
   "cell_type": "code",
   "execution_count": 2,
   "metadata": {},
   "outputs": [],
   "source": [
    "# Set `res_d`, `network_l`, `num_neurons_d`\n",
    "base = \"/data/sls/temp/johnmwu/contextual-corr-analysis/results8_\"\n",
    "res_fname = {method : base + method for method in \n",
    "                {\"maxcorr\", \"mincorr\", \"maxlinreg\", \"minlinreg\", \"cca\", \"lincka\", \"rbfcka\"}}\n",
    "\n",
    "res_d = {}\n",
    "res_d[\"maxcorr\"] = json.load(open(res_fname[\"maxcorr\"], \"r\"))\n",
    "res_d[\"mincorr\"] = json.load(open(res_fname[\"mincorr\"], \"r\"))\n",
    "res_d[\"maxlinreg\"] = json.load(open(res_fname[\"maxlinreg\"], \"r\"))\n",
    "res_d[\"minlinreg\"] = json.load(open(res_fname[\"minlinreg\"], \"r\"))\n",
    "\n",
    "network_l = [network for network in res_d[\"maxcorr\"]]\n",
    "\n",
    "num_neurons_d = {}\n",
    "for network in network_l:\n",
    "    num_neurons_d[network] = len(res_d[\"maxcorr\"][network])"
   ]
  },
  {
   "cell_type": "markdown",
   "metadata": {},
   "source": [
    "# MaxCorr, MinCorr, MaxLinReg, MinLinReg"
   ]
  },
  {
   "cell_type": "markdown",
   "metadata": {},
   "source": [
    "### Sorts"
   ]
  },
  {
   "cell_type": "code",
   "execution_count": 3,
   "metadata": {},
   "outputs": [],
   "source": [
    "rk_methods = {\"maxcorr\", \"mincorr\", \"maxlinreg\", \"minlinreg\"}"
   ]
  },
  {
   "cell_type": "code",
   "execution_count": 4,
   "metadata": {},
   "outputs": [],
   "source": [
    "neuron_sorts = {network: {} for network in network_l}\n",
    "for network in network_l:\n",
    "    for method in rk_methods:\n",
    "        neuron_sorts[network][method] = [neuron[0] for neuron in res_d[method][network]]"
   ]
  },
  {
   "cell_type": "code",
   "execution_count": 5,
   "metadata": {},
   "outputs": [],
   "source": [
    "# Set `rk_ar_d`, `rk_df_d`, `spearman_d`\n",
    "rk_ar_d = {}\n",
    "rk_df_d = {}\n",
    "spearman_d = {}\n",
    "for network in network_l:\n",
    "    # rk_ar[method_ix, neuron] = rank\n",
    "    # need to invert the permutation\n",
    "    rk_ar = np.stack([\n",
    "            [neuron_sorts[network][method].index(neuron) for neuron in range(len(neuron_sorts[network][method]))]\n",
    "                      for method in rk_methods\n",
    "    ]).T\n",
    "    rk_df = pd.DataFrame(rk_ar, columns=list(rk_methods))\n",
    "    \n",
    "    rk_ar_d[network] = rk_ar\n",
    "    rk_df_d[network] = rk_df\n",
    "    spearman_d[network] = rk_df.corr()"
   ]
  },
  {
   "cell_type": "code",
   "execution_count": 6,
   "metadata": {},
   "outputs": [
    {
     "name": "stdout",
     "output_type": "stream",
     "text": [
      "bert_large_cased_0\n",
      "           maxlinreg   mincorr   maxcorr  minlinreg\n",
      "maxlinreg   1.000000  0.176797  0.648580   0.267656\n",
      "mincorr     0.176797  1.000000 -0.265457   0.841917\n",
      "maxcorr     0.648580 -0.265457  1.000000  -0.205201\n",
      "minlinreg   0.267656  0.841917 -0.205201   1.000000\n",
      "bert_large_cased_1\n",
      "           maxlinreg   mincorr   maxcorr  minlinreg\n",
      "maxlinreg   1.000000  0.035103  0.966639   0.278610\n",
      "mincorr     0.035103  1.000000 -0.017512   0.744525\n",
      "maxcorr     0.966639 -0.017512  1.000000   0.215490\n",
      "minlinreg   0.278610  0.744525  0.215490   1.000000\n",
      "bert_large_cased_2\n",
      "           maxlinreg   mincorr   maxcorr  minlinreg\n",
      "maxlinreg   1.000000  0.131480  0.977871   0.452293\n",
      "mincorr     0.131480  1.000000  0.115634   0.739880\n",
      "maxcorr     0.977871  0.115634  1.000000   0.435666\n",
      "minlinreg   0.452293  0.739880  0.435666   1.000000\n",
      "bert_large_cased_3\n",
      "           maxlinreg   mincorr   maxcorr  minlinreg\n",
      "maxlinreg   1.000000  0.121375  0.980589   0.376619\n",
      "mincorr     0.121375  1.000000  0.098167   0.799138\n",
      "maxcorr     0.980589  0.098167  1.000000   0.348838\n",
      "minlinreg   0.376619  0.799138  0.348838   1.000000\n",
      "bert_large_cased_4\n",
      "           maxlinreg   mincorr   maxcorr  minlinreg\n",
      "maxlinreg   1.000000  0.153990  0.991997   0.416365\n",
      "mincorr     0.153990  1.000000  0.129541   0.781374\n",
      "maxcorr     0.991997  0.129541  1.000000   0.389413\n",
      "minlinreg   0.416365  0.781374  0.389413   1.000000\n",
      "bert_large_cased_5\n",
      "           maxlinreg   mincorr   maxcorr  minlinreg\n",
      "maxlinreg   1.000000  0.220553  0.993977   0.509163\n",
      "mincorr     0.220553  1.000000  0.207531   0.744853\n",
      "maxcorr     0.993977  0.207531  1.000000   0.491156\n",
      "minlinreg   0.509163  0.744853  0.491156   1.000000\n",
      "bert_large_cased_6\n",
      "           maxlinreg   mincorr   maxcorr  minlinreg\n",
      "maxlinreg   1.000000  0.247698  0.994864   0.559360\n",
      "mincorr     0.247698  1.000000  0.230968   0.727493\n",
      "maxcorr     0.994864  0.230968  1.000000   0.542342\n",
      "minlinreg   0.559360  0.727493  0.542342   1.000000\n",
      "bert_large_cased_7\n",
      "           maxlinreg   mincorr   maxcorr  minlinreg\n",
      "maxlinreg   1.000000  0.249378  0.992129   0.580289\n",
      "mincorr     0.249378  1.000000  0.231216   0.717836\n",
      "maxcorr     0.992129  0.231216  1.000000   0.559700\n",
      "minlinreg   0.580289  0.717836  0.559700   1.000000\n",
      "bert_large_cased_8\n",
      "           maxlinreg   mincorr   maxcorr  minlinreg\n",
      "maxlinreg   1.000000  0.309967  0.994157   0.612203\n",
      "mincorr     0.309967  1.000000  0.297941   0.734184\n",
      "maxcorr     0.994157  0.297941  1.000000   0.599424\n",
      "minlinreg   0.612203  0.734184  0.599424   1.000000\n",
      "bert_large_cased_9\n",
      "           maxlinreg   mincorr   maxcorr  minlinreg\n",
      "maxlinreg   1.000000  0.318444  0.995789   0.617153\n",
      "mincorr     0.318444  1.000000  0.301103   0.752350\n",
      "maxcorr     0.995789  0.301103  1.000000   0.600664\n",
      "minlinreg   0.617153  0.752350  0.600664   1.000000\n",
      "bert_large_cased_10\n",
      "           maxlinreg   mincorr   maxcorr  minlinreg\n",
      "maxlinreg   1.000000  0.304160  0.995031   0.637685\n",
      "mincorr     0.304160  1.000000  0.289010   0.742265\n",
      "maxcorr     0.995031  0.289010  1.000000   0.618421\n",
      "minlinreg   0.637685  0.742265  0.618421   1.000000\n",
      "bert_large_cased_11\n",
      "           maxlinreg   mincorr   maxcorr  minlinreg\n",
      "maxlinreg   1.000000  0.368198  0.992975   0.686650\n",
      "mincorr     0.368198  1.000000  0.348148   0.746532\n",
      "maxcorr     0.992975  0.348148  1.000000   0.666933\n",
      "minlinreg   0.686650  0.746532  0.666933   1.000000\n",
      "bert_large_cased_12\n",
      "           maxlinreg   mincorr   maxcorr  minlinreg\n",
      "maxlinreg   1.000000  0.431724  0.993599   0.739603\n",
      "mincorr     0.431724  1.000000  0.410630   0.744378\n",
      "maxcorr     0.993599  0.410630  1.000000   0.722363\n",
      "minlinreg   0.739603  0.744378  0.722363   1.000000\n",
      "bert_large_cased_13\n",
      "           maxlinreg   mincorr   maxcorr  minlinreg\n",
      "maxlinreg   1.000000  0.506836  0.994314   0.828260\n",
      "mincorr     0.506836  1.000000  0.492018   0.739803\n",
      "maxcorr     0.994314  0.492018  1.000000   0.814804\n",
      "minlinreg   0.828260  0.739803  0.814804   1.000000\n",
      "bert_large_cased_14\n",
      "           maxlinreg   mincorr   maxcorr  minlinreg\n",
      "maxlinreg   1.000000  0.542640  0.993225   0.869650\n",
      "mincorr     0.542640  1.000000  0.520546   0.738995\n",
      "maxcorr     0.993225  0.520546  1.000000   0.857554\n",
      "minlinreg   0.869650  0.738995  0.857554   1.000000\n",
      "bert_large_cased_15\n",
      "           maxlinreg   mincorr   maxcorr  minlinreg\n",
      "maxlinreg   1.000000  0.586240  0.996461   0.875003\n",
      "mincorr     0.586240  1.000000  0.579378   0.765754\n",
      "maxcorr     0.996461  0.579378  1.000000   0.867847\n",
      "minlinreg   0.875003  0.765754  0.867847   1.000000\n",
      "bert_large_cased_16\n",
      "           maxlinreg   mincorr   maxcorr  minlinreg\n",
      "maxlinreg   1.000000  0.566482  0.991680   0.862016\n",
      "mincorr     0.566482  1.000000  0.540294   0.766076\n",
      "maxcorr     0.991680  0.540294  1.000000   0.847392\n",
      "minlinreg   0.862016  0.766076  0.847392   1.000000\n",
      "bert_large_cased_17\n",
      "           maxlinreg   mincorr   maxcorr  minlinreg\n",
      "maxlinreg   1.000000  0.543881  0.990575   0.856980\n",
      "mincorr     0.543881  1.000000  0.518944   0.745391\n",
      "maxcorr     0.990575  0.518944  1.000000   0.838889\n",
      "minlinreg   0.856980  0.745391  0.838889   1.000000\n",
      "bert_large_cased_18\n",
      "           maxlinreg   mincorr   maxcorr  minlinreg\n",
      "maxlinreg   1.000000  0.543866  0.990430   0.840071\n",
      "mincorr     0.543866  1.000000  0.532737   0.766588\n",
      "maxcorr     0.990430  0.532737  1.000000   0.832065\n",
      "minlinreg   0.840071  0.766588  0.832065   1.000000\n",
      "bert_large_cased_19\n",
      "           maxlinreg   mincorr   maxcorr  minlinreg\n",
      "maxlinreg   1.000000  0.524969  0.984026   0.819325\n",
      "mincorr     0.524969  1.000000  0.505747   0.766697\n",
      "maxcorr     0.984026  0.505747  1.000000   0.805022\n",
      "minlinreg   0.819325  0.766697  0.805022   1.000000\n",
      "bert_large_cased_20\n",
      "           maxlinreg   mincorr   maxcorr  minlinreg\n",
      "maxlinreg   1.000000  0.484423  0.967038   0.781410\n",
      "mincorr     0.484423  1.000000  0.435207   0.769534\n",
      "maxcorr     0.967038  0.435207  1.000000   0.736516\n",
      "minlinreg   0.781410  0.769534  0.736516   1.000000\n",
      "bert_large_cased_21\n",
      "           maxlinreg   mincorr   maxcorr  minlinreg\n",
      "maxlinreg   1.000000  0.488412  0.935752   0.756941\n",
      "mincorr     0.488412  1.000000  0.432323   0.779142\n",
      "maxcorr     0.935752  0.432323  1.000000   0.698816\n",
      "minlinreg   0.756941  0.779142  0.698816   1.000000\n",
      "bert_large_cased_22\n",
      "           maxlinreg   mincorr   maxcorr  minlinreg\n",
      "maxlinreg   1.000000  0.502768  0.926085   0.749306\n",
      "mincorr     0.502768  1.000000  0.430039   0.791250\n",
      "maxcorr     0.926085  0.430039  1.000000   0.679530\n",
      "minlinreg   0.749306  0.791250  0.679530   1.000000\n",
      "bert_large_cased_23\n",
      "           maxlinreg   mincorr   maxcorr  minlinreg\n",
      "maxlinreg   1.000000  0.481896  0.799528   0.749715\n",
      "mincorr     0.481896  1.000000  0.344936   0.754078\n",
      "maxcorr     0.799528  0.344936  1.000000   0.561903\n",
      "minlinreg   0.749715  0.754078  0.561903   1.000000\n",
      "bert_large_cased_24\n",
      "           maxlinreg   mincorr   maxcorr  minlinreg\n",
      "maxlinreg   1.000000  0.519692  0.179410   0.726249\n",
      "mincorr     0.519692  1.000000 -0.169809   0.806008\n",
      "maxcorr     0.179410 -0.169809  1.000000  -0.058710\n",
      "minlinreg   0.726249  0.806008 -0.058710   1.000000\n",
      "openai_transformer_0\n",
      "           maxlinreg   mincorr   maxcorr  minlinreg\n",
      "maxlinreg   1.000000  0.171775  0.687344   0.292010\n",
      "mincorr     0.171775  1.000000 -0.170870   0.844198\n",
      "maxcorr     0.687344 -0.170870  1.000000  -0.131114\n",
      "minlinreg   0.292010  0.844198 -0.131114   1.000000\n",
      "openai_transformer_1\n",
      "           maxlinreg   mincorr   maxcorr  minlinreg\n",
      "maxlinreg   1.000000  0.225309  0.927184   0.366951\n",
      "mincorr     0.225309  1.000000  0.068334   0.850887\n",
      "maxcorr     0.927184  0.068334  1.000000   0.201921\n",
      "minlinreg   0.366951  0.850887  0.201921   1.000000\n",
      "openai_transformer_2\n",
      "           maxlinreg   mincorr   maxcorr  minlinreg\n",
      "maxlinreg   1.000000  0.423650  0.983549   0.722204\n",
      "mincorr     0.423650  1.000000  0.382691   0.781930\n",
      "maxcorr     0.983549  0.382691  1.000000   0.681386\n",
      "minlinreg   0.722204  0.781930  0.681386   1.000000\n",
      "openai_transformer_3\n",
      "           maxlinreg   mincorr   maxcorr  minlinreg\n",
      "maxlinreg   1.000000  0.574153  0.993422   0.832492\n",
      "mincorr     0.574153  1.000000  0.554477   0.823887\n",
      "maxcorr     0.993422  0.554477  1.000000   0.812224\n",
      "minlinreg   0.832492  0.823887  0.812224   1.000000\n",
      "openai_transformer_4\n",
      "           maxlinreg   mincorr   maxcorr  minlinreg\n",
      "maxlinreg   1.000000  0.675228  0.997086   0.893629\n",
      "mincorr     0.675228  1.000000  0.664002   0.856293\n",
      "maxcorr     0.997086  0.664002  1.000000   0.882783\n",
      "minlinreg   0.893629  0.856293  0.882783   1.000000\n",
      "openai_transformer_5\n",
      "           maxlinreg   mincorr   maxcorr  minlinreg\n",
      "maxlinreg   1.000000  0.721021  0.997601   0.921828\n",
      "mincorr     0.721021  1.000000  0.713407   0.858156\n",
      "maxcorr     0.997601  0.713407  1.000000   0.916047\n",
      "minlinreg   0.921828  0.858156  0.916047   1.000000\n",
      "openai_transformer_6\n",
      "           maxlinreg   mincorr   maxcorr  minlinreg\n",
      "maxlinreg   1.000000  0.758787  0.996282   0.943631\n",
      "mincorr     0.758787  1.000000  0.742120   0.864897\n",
      "maxcorr     0.996282  0.742120  1.000000   0.936754\n",
      "minlinreg   0.943631  0.864897  0.936754   1.000000\n",
      "openai_transformer_7\n",
      "           maxlinreg   mincorr   maxcorr  minlinreg\n",
      "maxlinreg   1.000000  0.733638  0.994647   0.944907\n",
      "mincorr     0.733638  1.000000  0.719339   0.841574\n",
      "maxcorr     0.994647  0.719339  1.000000   0.934533\n",
      "minlinreg   0.944907  0.841574  0.934533   1.000000\n",
      "openai_transformer_8\n",
      "           maxlinreg   mincorr   maxcorr  minlinreg\n",
      "maxlinreg   1.000000  0.702194  0.996680   0.936367\n",
      "mincorr     0.702194  1.000000  0.690921   0.815180\n",
      "maxcorr     0.996680  0.690921  1.000000   0.930996\n",
      "minlinreg   0.936367  0.815180  0.930996   1.000000\n",
      "openai_transformer_9\n",
      "           maxlinreg   mincorr   maxcorr  minlinreg\n",
      "maxlinreg   1.000000  0.669238  0.994542   0.921914\n",
      "mincorr     0.669238  1.000000  0.655731   0.792191\n",
      "maxcorr     0.994542  0.655731  1.000000   0.912898\n",
      "minlinreg   0.921914  0.792191  0.912898   1.000000\n",
      "openai_transformer_10\n",
      "           maxlinreg   mincorr   maxcorr  minlinreg\n",
      "maxlinreg   1.000000  0.613284  0.988131   0.879073\n",
      "mincorr     0.613284  1.000000  0.585508   0.774682\n",
      "maxcorr     0.988131  0.585508  1.000000   0.860246\n",
      "minlinreg   0.879073  0.774682  0.860246   1.000000\n",
      "openai_transformer_11\n",
      "           maxlinreg   mincorr   maxcorr  minlinreg\n",
      "maxlinreg   1.000000  0.580367  0.949761   0.815676\n",
      "mincorr     0.580367  1.000000  0.506370   0.775856\n",
      "maxcorr     0.949761  0.506370  1.000000   0.763951\n",
      "minlinreg   0.815676  0.775856  0.763951   1.000000\n",
      "openai_transformer_12\n",
      "           maxlinreg   mincorr   maxcorr  minlinreg\n",
      "maxlinreg   1.000000  0.516830  0.739715   0.645652\n",
      "mincorr     0.516830  1.000000  0.254810   0.814626\n",
      "maxcorr     0.739715  0.254810  1.000000   0.342206\n",
      "minlinreg   0.645652  0.814626  0.342206   1.000000\n",
      "bert_base_cased_0\n",
      "           maxlinreg   mincorr   maxcorr  minlinreg\n",
      "maxlinreg   1.000000  0.186201  0.484178   0.227873\n",
      "mincorr     0.186201  1.000000 -0.260899   0.785421\n",
      "maxcorr     0.484178 -0.260899  1.000000  -0.168631\n",
      "minlinreg   0.227873  0.785421 -0.168631   1.000000\n",
      "bert_base_cased_1\n",
      "           maxlinreg   mincorr   maxcorr  minlinreg\n",
      "maxlinreg   1.000000  0.192822  0.892106   0.356013\n",
      "mincorr     0.192822  1.000000  0.096029   0.762483\n",
      "maxcorr     0.892106  0.096029  1.000000   0.244032\n",
      "minlinreg   0.356013  0.762483  0.244032   1.000000\n",
      "bert_base_cased_2\n",
      "           maxlinreg   mincorr   maxcorr  minlinreg\n",
      "maxlinreg   1.000000  0.264862  0.973120   0.450949\n",
      "mincorr     0.264862  1.000000  0.208651   0.769874\n",
      "maxcorr     0.973120  0.208651  1.000000   0.382444\n",
      "minlinreg   0.450949  0.769874  0.382444   1.000000\n",
      "bert_base_cased_3\n",
      "           maxlinreg   mincorr   maxcorr  minlinreg\n",
      "maxlinreg   1.000000  0.260173  0.983990   0.509827\n",
      "mincorr     0.260173  1.000000  0.234499   0.732929\n",
      "maxcorr     0.983990  0.234499  1.000000   0.483993\n",
      "minlinreg   0.509827  0.732929  0.483993   1.000000\n",
      "bert_base_cased_4\n",
      "           maxlinreg   mincorr   maxcorr  minlinreg\n",
      "maxlinreg   1.000000  0.313664  0.982129   0.539546\n",
      "mincorr     0.313664  1.000000  0.302910   0.730410\n",
      "maxcorr     0.982129  0.302910  1.000000   0.525473\n",
      "minlinreg   0.539546  0.730410  0.525473   1.000000\n",
      "bert_base_cased_5\n",
      "           maxlinreg   mincorr   maxcorr  minlinreg\n",
      "maxlinreg   1.000000  0.386794  0.983440   0.610436\n",
      "mincorr     0.386794  1.000000  0.365803   0.733260\n",
      "maxcorr     0.983440  0.365803  1.000000   0.591010\n",
      "minlinreg   0.610436  0.733260  0.591010   1.000000\n",
      "bert_base_cased_6\n",
      "           maxlinreg   mincorr   maxcorr  minlinreg\n",
      "maxlinreg   1.000000  0.463804  0.981775   0.712292\n",
      "mincorr     0.463804  1.000000  0.421054   0.709432\n",
      "maxcorr     0.981775  0.421054  1.000000   0.685320\n",
      "minlinreg   0.712292  0.709432  0.685320   1.000000\n",
      "bert_base_cased_7\n",
      "           maxlinreg   mincorr   maxcorr  minlinreg\n",
      "maxlinreg   1.000000  0.496601  0.979776   0.778019\n",
      "mincorr     0.496601  1.000000  0.469093   0.678425\n",
      "maxcorr     0.979776  0.469093  1.000000   0.750215\n",
      "minlinreg   0.778019  0.678425  0.750215   1.000000\n",
      "bert_base_cased_8\n",
      "           maxlinreg   mincorr   maxcorr  minlinreg\n",
      "maxlinreg   1.000000  0.501112  0.982606   0.790123\n",
      "mincorr     0.501112  1.000000  0.474738   0.690084\n",
      "maxcorr     0.982606  0.474738  1.000000   0.767327\n",
      "minlinreg   0.790123  0.690084  0.767327   1.000000\n",
      "bert_base_cased_9\n",
      "           maxlinreg   mincorr   maxcorr  minlinreg\n",
      "maxlinreg   1.000000  0.521799  0.966982   0.779621\n",
      "mincorr     0.521799  1.000000  0.491609   0.719450\n",
      "maxcorr     0.966982  0.491609  1.000000   0.763619\n",
      "minlinreg   0.779621  0.719450  0.763619   1.000000\n",
      "bert_base_cased_10\n",
      "           maxlinreg   mincorr   maxcorr  minlinreg\n",
      "maxlinreg   1.000000  0.513848  0.927182   0.768759\n",
      "mincorr     0.513848  1.000000  0.462153   0.728673\n",
      "maxcorr     0.927182  0.462153  1.000000   0.715134\n",
      "minlinreg   0.768759  0.728673  0.715134   1.000000\n",
      "bert_base_cased_11\n",
      "           maxlinreg   mincorr   maxcorr  minlinreg\n",
      "maxlinreg   1.000000  0.507392  0.890241   0.747595\n",
      "mincorr     0.507392  1.000000  0.397390   0.731480\n",
      "maxcorr     0.890241  0.397390  1.000000   0.628904\n",
      "minlinreg   0.747595  0.731480  0.628904   1.000000\n",
      "bert_base_cased_12\n",
      "           maxlinreg   mincorr   maxcorr  minlinreg\n",
      "maxlinreg   1.000000  0.417115  0.307858   0.699296\n",
      "mincorr     0.417115  1.000000 -0.009427   0.694449\n",
      "maxcorr     0.307858 -0.009427  1.000000  -0.033921\n",
      "minlinreg   0.699296  0.694449 -0.033921   1.000000\n",
      "elmo_original_0\n",
      "           maxlinreg   mincorr   maxcorr  minlinreg\n",
      "maxlinreg   1.000000  0.658321  0.678386   0.822898\n",
      "mincorr     0.658321  1.000000  0.760740   0.810619\n",
      "maxcorr     0.678386  0.760740  1.000000   0.793194\n",
      "minlinreg   0.822898  0.810619  0.793194   1.000000\n",
      "elmo_original_1\n",
      "           maxlinreg   mincorr   maxcorr  minlinreg\n",
      "maxlinreg   1.000000  0.744692  0.661463   0.780072\n",
      "mincorr     0.744692  1.000000  0.415166   0.819087\n",
      "maxcorr     0.661463  0.415166  1.000000   0.380174\n",
      "minlinreg   0.780072  0.819087  0.380174   1.000000\n",
      "elmo_original_2\n",
      "           maxlinreg   mincorr   maxcorr  minlinreg\n",
      "maxlinreg   1.000000  0.769012  0.743809   0.824728\n",
      "mincorr     0.769012  1.000000  0.555802   0.851488\n",
      "maxcorr     0.743809  0.555802  1.000000   0.629138\n",
      "minlinreg   0.824728  0.851488  0.629138   1.000000\n",
      "calypso_transformer_6_512_base_0\n",
      "           maxlinreg   mincorr   maxcorr  minlinreg\n",
      "maxlinreg   1.000000  0.158942  0.803457   0.213234\n",
      "mincorr     0.158942  1.000000  0.015298   0.875355\n",
      "maxcorr     0.803457  0.015298  1.000000   0.061795\n",
      "minlinreg   0.213234  0.875355  0.061795   1.000000\n",
      "calypso_transformer_6_512_base_1\n",
      "           maxlinreg   mincorr   maxcorr  minlinreg\n",
      "maxlinreg   1.000000  0.446274  0.702982   0.606660\n",
      "mincorr     0.446274  1.000000  0.302645   0.752950\n",
      "maxcorr     0.702982  0.302645  1.000000   0.456544\n",
      "minlinreg   0.606660  0.752950  0.456544   1.000000\n",
      "calypso_transformer_6_512_base_2\n",
      "           maxlinreg   mincorr   maxcorr  minlinreg\n",
      "maxlinreg   1.000000  0.300203  0.873689   0.372330\n",
      "mincorr     0.300203  1.000000  0.222626   0.709833\n",
      "maxcorr     0.873689  0.222626  1.000000   0.264087\n",
      "minlinreg   0.372330  0.709833  0.264087   1.000000\n",
      "calypso_transformer_6_512_base_3\n",
      "           maxlinreg   mincorr   maxcorr  minlinreg\n",
      "maxlinreg   1.000000  0.334622  0.923825   0.316667\n",
      "mincorr     0.334622  1.000000  0.229723   0.724790\n",
      "maxcorr     0.923825  0.229723  1.000000   0.229324\n",
      "minlinreg   0.316667  0.724790  0.229324   1.000000\n",
      "calypso_transformer_6_512_base_4\n",
      "           maxlinreg   mincorr   maxcorr  minlinreg\n",
      "maxlinreg   1.000000  0.385332  0.896570   0.296238\n",
      "mincorr     0.385332  1.000000  0.269213   0.725959\n",
      "maxcorr     0.896570  0.269213  1.000000   0.198762\n",
      "minlinreg   0.296238  0.725959  0.198762   1.000000\n",
      "calypso_transformer_6_512_base_5\n",
      "           maxlinreg   mincorr   maxcorr  minlinreg\n",
      "maxlinreg   1.000000  0.402138  0.712204   0.266867\n",
      "mincorr     0.402138  1.000000  0.253793   0.750294\n",
      "maxcorr     0.712204  0.253793  1.000000   0.238540\n",
      "minlinreg   0.266867  0.750294  0.238540   1.000000\n",
      "calypso_transformer_6_512_base_6\n",
      "           maxlinreg   mincorr   maxcorr  minlinreg\n",
      "maxlinreg   1.000000  0.556859  0.606348   0.396144\n",
      "mincorr     0.556859  1.000000  0.197352   0.753120\n",
      "maxcorr     0.606348  0.197352  1.000000   0.203194\n",
      "minlinreg   0.396144  0.753120  0.203194   1.000000\n",
      "elmo_4x4096_512_0\n",
      "           maxlinreg   mincorr   maxcorr  minlinreg\n",
      "maxlinreg   1.000000  0.651621  0.692427   0.895888\n",
      "mincorr     0.651621  1.000000  0.822445   0.788805\n",
      "maxcorr     0.692427  0.822445  1.000000   0.785665\n",
      "minlinreg   0.895888  0.788805  0.785665   1.000000\n",
      "elmo_4x4096_512_1\n",
      "           maxlinreg   mincorr   maxcorr  minlinreg\n",
      "maxlinreg   1.000000  0.716057  0.536526   0.672478\n",
      "mincorr     0.716057  1.000000  0.263393   0.798020\n",
      "maxcorr     0.536526  0.263393  1.000000   0.134871\n",
      "minlinreg   0.672478  0.798020  0.134871   1.000000\n",
      "elmo_4x4096_512_2\n",
      "           maxlinreg   mincorr   maxcorr  minlinreg\n",
      "maxlinreg   1.000000  0.705960  0.628371   0.688827\n",
      "mincorr     0.705960  1.000000  0.434114   0.798775\n",
      "maxcorr     0.628371  0.434114  1.000000   0.340727\n",
      "minlinreg   0.688827  0.798775  0.340727   1.000000\n",
      "elmo_4x4096_512_3\n",
      "           maxlinreg   mincorr   maxcorr  minlinreg\n",
      "maxlinreg   1.000000  0.714529  0.764126   0.797832\n",
      "mincorr     0.714529  1.000000  0.497381   0.835241\n",
      "maxcorr     0.764126  0.497381  1.000000   0.519056\n",
      "minlinreg   0.797832  0.835241  0.519056   1.000000\n",
      "elmo_4x4096_512_4\n",
      "           maxlinreg   mincorr   maxcorr  minlinreg\n",
      "maxlinreg   1.000000  0.729556  0.782941   0.768521\n",
      "mincorr     0.729556  1.000000  0.517038   0.826732\n",
      "maxcorr     0.782941  0.517038  1.000000   0.559412\n",
      "minlinreg   0.768521  0.826732  0.559412   1.000000\n",
      "xlnet_large_cased_0\n",
      "           maxlinreg   mincorr   maxcorr  minlinreg\n",
      "maxlinreg   1.000000  0.089001  0.530405   0.171790\n",
      "mincorr     0.089001  1.000000 -0.324207   0.797799\n",
      "maxcorr     0.530405 -0.324207  1.000000  -0.250102\n",
      "minlinreg   0.171790  0.797799 -0.250102   1.000000\n",
      "xlnet_large_cased_1\n",
      "           maxlinreg   mincorr   maxcorr  minlinreg\n",
      "maxlinreg   1.000000 -0.086173  0.801952   0.083840\n",
      "mincorr    -0.086173  1.000000 -0.055135   0.758741\n",
      "maxcorr     0.801952 -0.055135  1.000000   0.074684\n",
      "minlinreg   0.083840  0.758741  0.074684   1.000000\n",
      "xlnet_large_cased_2\n",
      "           maxlinreg   mincorr   maxcorr  minlinreg\n",
      "maxlinreg   1.000000  0.211345  0.935605   0.419094\n",
      "mincorr     0.211345  1.000000  0.120712   0.793460\n",
      "maxcorr     0.935605  0.120712  1.000000   0.303128\n",
      "minlinreg   0.419094  0.793460  0.303128   1.000000\n",
      "xlnet_large_cased_3\n",
      "           maxlinreg   mincorr   maxcorr  minlinreg\n",
      "maxlinreg   1.000000  0.259871  0.962690   0.465863\n",
      "mincorr     0.259871  1.000000  0.210902   0.795620\n",
      "maxcorr     0.962690  0.210902  1.000000   0.408840\n",
      "minlinreg   0.465863  0.795620  0.408840   1.000000\n",
      "xlnet_large_cased_4\n",
      "           maxlinreg   mincorr   maxcorr  minlinreg\n",
      "maxlinreg   1.000000  0.369048  0.953132   0.673583\n",
      "mincorr     0.369048  1.000000  0.290470   0.755474\n",
      "maxcorr     0.953132  0.290470  1.000000   0.608599\n",
      "minlinreg   0.673583  0.755474  0.608599   1.000000\n",
      "xlnet_large_cased_5\n",
      "           maxlinreg   mincorr   maxcorr  minlinreg\n",
      "maxlinreg   1.000000  0.425531  0.968391   0.773200\n",
      "mincorr     0.425531  1.000000  0.382699   0.741735\n",
      "maxcorr     0.968391  0.382699  1.000000   0.745955\n",
      "minlinreg   0.773200  0.741735  0.745955   1.000000\n",
      "xlnet_large_cased_6\n",
      "           maxlinreg   mincorr   maxcorr  minlinreg\n",
      "maxlinreg   1.000000  0.473279  0.978741   0.841510\n",
      "mincorr     0.473279  1.000000  0.454119   0.730770\n",
      "maxcorr     0.978741  0.454119  1.000000   0.829073\n",
      "minlinreg   0.841510  0.730770  0.829073   1.000000\n",
      "xlnet_large_cased_7\n",
      "           maxlinreg   mincorr   maxcorr  minlinreg\n",
      "maxlinreg   1.000000  0.490331  0.978394   0.851025\n",
      "mincorr     0.490331  1.000000  0.460539   0.716357\n",
      "maxcorr     0.978394  0.460539  1.000000   0.823020\n",
      "minlinreg   0.851025  0.716357  0.823020   1.000000\n",
      "xlnet_large_cased_8\n",
      "           maxlinreg   mincorr   maxcorr  minlinreg\n",
      "maxlinreg   1.000000  0.508282  0.982298   0.863761\n",
      "mincorr     0.508282  1.000000  0.485983   0.720594\n",
      "maxcorr     0.982298  0.485983  1.000000   0.844432\n",
      "minlinreg   0.863761  0.720594  0.844432   1.000000\n",
      "xlnet_large_cased_9\n",
      "           maxlinreg   mincorr   maxcorr  minlinreg\n",
      "maxlinreg   1.000000  0.489604  0.983413   0.864218\n",
      "mincorr     0.489604  1.000000  0.457154   0.726117\n",
      "maxcorr     0.983413  0.457154  1.000000   0.840993\n",
      "minlinreg   0.864218  0.726117  0.840993   1.000000\n",
      "xlnet_large_cased_10\n",
      "           maxlinreg   mincorr   maxcorr  minlinreg\n",
      "maxlinreg   1.000000  0.531280  0.983012   0.874808\n",
      "mincorr     0.531280  1.000000  0.499728   0.743780\n",
      "maxcorr     0.983012  0.499728  1.000000   0.856749\n",
      "minlinreg   0.874808  0.743780  0.856749   1.000000\n",
      "xlnet_large_cased_11\n",
      "           maxlinreg   mincorr   maxcorr  minlinreg\n",
      "maxlinreg   1.000000  0.525919  0.989139   0.872859\n",
      "mincorr     0.525919  1.000000  0.514805   0.748082\n",
      "maxcorr     0.989139  0.514805  1.000000   0.866497\n",
      "minlinreg   0.872859  0.748082  0.866497   1.000000\n",
      "xlnet_large_cased_12\n",
      "           maxlinreg   mincorr   maxcorr  minlinreg\n",
      "maxlinreg   1.000000  0.537292  0.981568   0.873098\n",
      "mincorr     0.537292  1.000000  0.511283   0.747161\n",
      "maxcorr     0.981568  0.511283  1.000000   0.860573\n",
      "minlinreg   0.873098  0.747161  0.860573   1.000000\n",
      "xlnet_large_cased_13\n",
      "           maxlinreg   mincorr   maxcorr  minlinreg\n",
      "maxlinreg   1.000000  0.566227  0.981740   0.875882\n",
      "mincorr     0.566227  1.000000  0.542713   0.777811\n",
      "maxcorr     0.981740  0.542713  1.000000   0.857347\n",
      "minlinreg   0.875882  0.777811  0.857347   1.000000\n",
      "xlnet_large_cased_14\n",
      "           maxlinreg   mincorr   maxcorr  minlinreg\n",
      "maxlinreg   1.000000  0.567225  0.979672   0.863858\n",
      "mincorr     0.567225  1.000000  0.553563   0.787243\n",
      "maxcorr     0.979672  0.553563  1.000000   0.847521\n",
      "minlinreg   0.863858  0.787243  0.847521   1.000000\n",
      "xlnet_large_cased_15\n",
      "           maxlinreg   mincorr   maxcorr  minlinreg\n",
      "maxlinreg   1.000000  0.575293  0.978394   0.859823\n",
      "mincorr     0.575293  1.000000  0.563912   0.785339\n",
      "maxcorr     0.978394  0.563912  1.000000   0.855081\n",
      "minlinreg   0.859823  0.785339  0.855081   1.000000\n",
      "xlnet_large_cased_16\n",
      "           maxlinreg   mincorr   maxcorr  minlinreg\n",
      "maxlinreg   1.000000  0.569732  0.979416   0.850069\n",
      "mincorr     0.569732  1.000000  0.555975   0.793728\n",
      "maxcorr     0.979416  0.555975  1.000000   0.843323\n",
      "minlinreg   0.850069  0.793728  0.843323   1.000000\n",
      "xlnet_large_cased_17\n",
      "           maxlinreg   mincorr   maxcorr  minlinreg\n",
      "maxlinreg   1.000000  0.549628  0.966595   0.821055\n",
      "mincorr     0.549628  1.000000  0.514233   0.804739\n",
      "maxcorr     0.966595  0.514233  1.000000   0.788666\n",
      "minlinreg   0.821055  0.804739  0.788666   1.000000\n",
      "xlnet_large_cased_18\n"
     ]
    },
    {
     "name": "stdout",
     "output_type": "stream",
     "text": [
      "           maxlinreg   mincorr   maxcorr  minlinreg\n",
      "maxlinreg   1.000000  0.543199  0.962435   0.800507\n",
      "mincorr     0.543199  1.000000  0.530406   0.806534\n",
      "maxcorr     0.962435  0.530406  1.000000   0.782872\n",
      "minlinreg   0.800507  0.806534  0.782872   1.000000\n",
      "xlnet_large_cased_19\n",
      "           maxlinreg   mincorr   maxcorr  minlinreg\n",
      "maxlinreg   1.000000  0.533648  0.952954   0.771555\n",
      "mincorr     0.533648  1.000000  0.492079   0.805732\n",
      "maxcorr     0.952954  0.492079  1.000000   0.734694\n",
      "minlinreg   0.771555  0.805732  0.734694   1.000000\n",
      "xlnet_large_cased_20\n",
      "           maxlinreg   mincorr   maxcorr  minlinreg\n",
      "maxlinreg   1.000000  0.520807  0.943028   0.749236\n",
      "mincorr     0.520807  1.000000  0.490462   0.811357\n",
      "maxcorr     0.943028  0.490462  1.000000   0.735096\n",
      "minlinreg   0.749236  0.811357  0.735096   1.000000\n",
      "xlnet_large_cased_21\n",
      "           maxlinreg   mincorr   maxcorr  minlinreg\n",
      "maxlinreg   1.000000  0.521602  0.887033   0.723367\n",
      "mincorr     0.521602  1.000000  0.415716   0.817193\n",
      "maxcorr     0.887033  0.415716  1.000000   0.633663\n",
      "minlinreg   0.723367  0.817193  0.633663   1.000000\n",
      "xlnet_large_cased_22\n",
      "           maxlinreg   mincorr   maxcorr  minlinreg\n",
      "maxlinreg   1.000000  0.504240  0.758273   0.682169\n",
      "mincorr     0.504240  1.000000  0.335521   0.828760\n",
      "maxcorr     0.758273  0.335521  1.000000   0.500716\n",
      "minlinreg   0.682169  0.828760  0.500716   1.000000\n",
      "xlnet_large_cased_23\n",
      "           maxlinreg   mincorr   maxcorr  minlinreg\n",
      "maxlinreg   1.000000  0.424558  0.704952   0.614470\n",
      "mincorr     0.424558  1.000000  0.309494   0.803794\n",
      "maxcorr     0.704952  0.309494  1.000000   0.452170\n",
      "minlinreg   0.614470  0.803794  0.452170   1.000000\n"
     ]
    }
   ],
   "source": [
    "for network in network_l:\n",
    "    print(network)\n",
    "    # print(rk_df_d[network])\n",
    "    print(spearman_d[network])"
   ]
  },
  {
   "cell_type": "markdown",
   "metadata": {},
   "source": [
    "### Distributions"
   ]
  },
  {
   "cell_type": "code",
   "execution_count": 7,
   "metadata": {},
   "outputs": [
    {
     "name": "stdout",
     "output_type": "stream",
     "text": [
      "\n",
      "\n",
      "bert_large_cased_0:\n",
      "\n",
      "maxlinreg\n",
      "\n",
      "maxcounts\n",
      "bert_large_cased_1    1021\n",
      "bert_base_cased_0        3\n",
      "dtype: int64\n",
      "\n",
      "mincounts\n",
      "xlnet_large_cased_23     1011\n",
      "xlnet_large_cased_0         8\n",
      "openai_transformer_12       4\n",
      "elmo_original_0             1\n",
      "dtype: int64\n",
      "\n",
      "corr_df_pctl\n",
      "          max       min       med\n",
      "max  1.000000  0.267658  0.390258\n",
      "min  0.267658  1.000000  0.936902\n",
      "med  0.390258  0.936902  1.000000\n",
      "\n",
      "mincorr\n",
      "\n",
      "maxcounts\n",
      "bert_large_cased_1                  981\n",
      "bert_base_cased_0                    40\n",
      "calypso_transformer_6_512_base_0      2\n",
      "openai_transformer_2                  1\n",
      "dtype: int64\n",
      "\n",
      "mincounts\n",
      "xlnet_large_cased_23    687\n",
      "elmo_4x4096_512_2        67\n",
      "xlnet_large_cased_20     50\n",
      "xlnet_large_cased_22     34\n",
      "xlnet_large_cased_16     32\n",
      "xlnet_large_cased_19     26\n",
      "xlnet_large_cased_21     20\n",
      "xlnet_large_cased_18     19\n",
      "xlnet_large_cased_17     19\n",
      "xlnet_large_cased_15     18\n",
      "elmo_4x4096_512_3         9\n",
      "xlnet_large_cased_13      9\n",
      "xlnet_large_cased_14      4\n",
      "bert_base_cased_8         3\n",
      "xlnet_large_cased_12      3\n",
      "xlnet_large_cased_9       2\n",
      "bert_base_cased_12        2\n",
      "xlnet_large_cased_7       2\n",
      "xlnet_large_cased_1       2\n",
      "bert_large_cased_19       2\n",
      "elmo_4x4096_512_4         2\n",
      "xlnet_large_cased_3       2\n",
      "bert_large_cased_18       2\n",
      "bert_large_cased_21       1\n",
      "xlnet_large_cased_5       1\n",
      "elmo_original_2           1\n",
      "xlnet_large_cased_4       1\n",
      "bert_large_cased_24       1\n",
      "bert_large_cased_22       1\n",
      "elmo_4x4096_512_1         1\n",
      "xlnet_large_cased_11      1\n",
      "dtype: int64\n",
      "\n",
      "corr_df_pctl\n",
      "          max       min       med\n",
      "max  1.000000 -0.265457 -0.202575\n",
      "min -0.265457  1.000000  0.867472\n",
      "med -0.202575  0.867472  1.000000\n",
      "\n",
      "maxcorr\n",
      "\n",
      "maxcounts\n",
      "bert_large_cased_1                  981\n",
      "bert_base_cased_0                    40\n",
      "calypso_transformer_6_512_base_0      2\n",
      "openai_transformer_2                  1\n",
      "dtype: int64\n",
      "\n",
      "mincounts\n",
      "xlnet_large_cased_23    687\n",
      "elmo_4x4096_512_2        67\n",
      "xlnet_large_cased_20     50\n",
      "xlnet_large_cased_22     34\n",
      "xlnet_large_cased_16     32\n",
      "xlnet_large_cased_19     26\n",
      "xlnet_large_cased_21     20\n",
      "xlnet_large_cased_18     19\n",
      "xlnet_large_cased_17     19\n",
      "xlnet_large_cased_15     18\n",
      "elmo_4x4096_512_3         9\n",
      "xlnet_large_cased_13      9\n",
      "xlnet_large_cased_14      4\n",
      "xlnet_large_cased_12      3\n",
      "bert_base_cased_8         3\n",
      "xlnet_large_cased_1       2\n",
      "xlnet_large_cased_7       2\n",
      "elmo_4x4096_512_4         2\n",
      "xlnet_large_cased_3       2\n",
      "xlnet_large_cased_9       2\n",
      "bert_large_cased_18       2\n",
      "bert_large_cased_19       2\n",
      "bert_base_cased_12        2\n",
      "bert_large_cased_22       1\n",
      "elmo_original_2           1\n",
      "bert_large_cased_24       1\n",
      "xlnet_large_cased_5       1\n",
      "bert_large_cased_21       1\n",
      "xlnet_large_cased_4       1\n",
      "elmo_4x4096_512_1         1\n",
      "xlnet_large_cased_11      1\n",
      "dtype: int64\n",
      "\n",
      "corr_df_pctl\n",
      "          max       min       med\n",
      "max  1.000000 -0.265457 -0.202575\n",
      "min -0.265457  1.000000  0.867472\n",
      "med -0.202575  0.867472  1.000000\n",
      "\n",
      "minlinreg\n",
