{
 "cells": [
  {
   "cell_type": "markdown",
   "metadata": {},
   "source": [
    "# Summary\n",
    "- Analysis of fine-tuned models"
   ]
  },
  {
   "cell_type": "code",
   "execution_count": 1,
   "metadata": {},
   "outputs": [],
   "source": [
    "import pickle\n",
    "import matplotlib.pyplot as plt\n",
    "import numpy as np\n",
    "import pandas as pd\n",
    "from os.path import basename, dirname\n",
    "import torch\n",
    "import seaborn as sns\n",
    "sns.set_context(\"talk\")\n",
    "sns.set_style(\"white\")\n",
    "\n",
    "from ipywidgets import FloatSlider, interactive\n",
    "import sys\n",
    "sys.path.append('..')\n",
    "from var import fname2mname, network2pair, network_sort_key"
   ]
  },
  {
   "cell_type": "code",
   "execution_count": 2,
   "metadata": {},
   "outputs": [],
   "source": [
    "# loading in them all made my machine run out of memory\n",
    "method_l = [\n",
    "     \"maxcorr\", \n",
    "     \"mincorr\", \n",
    "     \"maxlinreg\", \n",
    "     \"minlinreg\", \n",
    "    \"cca\", \n",
    "    \"lincka\", \n",
    "    # \"rbfcka\",\n",
    "]"
   ]
  },
  {
   "cell_type": "code",
   "execution_count": 3,
   "metadata": {},
   "outputs": [],
   "source": [
    "# Set `res_d`, `network_l`, `num_neurons_d`\n",
    "base = \"/data/sls/temp/belinkov/contextual-corr-analysis/repr_fine_results4_\"\n",
    "res_fname = {method : base + method for method in \n",
    "                method_l}\n",
    "\n",
    "res_d = {}\n",
    "for method in method_l:\n",
    "    with open(res_fname[method], 'rb') as f:\n",
    "        res_d[method] = pickle.load(f)\n",
    "\n",
    "network_l = [network for network in res_d[\"cca\"][\"corrs\"]]\n",
    "network_l = sorted(network_l, key=network_sort_key)\n",
    "\n",
    "num_neurons_d = {}\n",
    "for network in network_l:\n",
    "    num_neurons_d[network] = len(next(iter(res_d[\"cca\"][\"corrs\"][network].values()))) # god this is a hack"
   ]
  },
  {
   "cell_type": "code",
   "execution_count": 4,
   "metadata": {},
   "outputs": [
    {
     "data": {
      "text/plain": [
       "['bert_base_cased-ptb_pos_dev_mnli_include_embeddings.hdf5_0',\n",
       " 'bert_base_cased-ptb_pos_dev_mnli_include_embeddings.hdf5_1',\n",
       " 'bert_base_cased-ptb_pos_dev_mnli_include_embeddings.hdf5_2',\n",
       " 'bert_base_cased-ptb_pos_dev_mnli_include_embeddings.hdf5_3',\n",
       " 'bert_base_cased-ptb_pos_dev_mnli_include_embeddings.hdf5_4',\n",
       " 'bert_base_cased-ptb_pos_dev_mnli_include_embeddings.hdf5_5',\n",
       " 'bert_base_cased-ptb_pos_dev_mnli_include_embeddings.hdf5_6',\n",
       " 'bert_base_cased-ptb_pos_dev_mnli_include_embeddings.hdf5_7',\n",
       " 'bert_base_cased-ptb_pos_dev_mnli_include_embeddings.hdf5_8',\n",
       " 'bert_base_cased-ptb_pos_dev_mnli_include_embeddings.hdf5_9',\n",
       " 'bert_base_cased-ptb_pos_dev_mnli_include_embeddings.hdf5_10',\n",
       " 'bert_base_cased-ptb_pos_dev_mnli_include_embeddings.hdf5_11',\n",
       " 'bert_base_cased-ptb_pos_dev_mnli_include_embeddings.hdf5_12',\n",
       " 'bert_base_cased-ptb_pos_dev_qnli_include_embeddings.hdf5_0',\n",
       " 'bert_base_cased-ptb_pos_dev_qnli_include_embeddings.hdf5_1',\n",
       " 'bert_base_cased-ptb_pos_dev_qnli_include_embeddings.hdf5_2',\n",
       " 'bert_base_cased-ptb_pos_dev_qnli_include_embeddings.hdf5_3',\n",
       " 'bert_base_cased-ptb_pos_dev_qnli_include_embeddings.hdf5_4',\n",
       " 'bert_base_cased-ptb_pos_dev_qnli_include_embeddings.hdf5_5',\n",
       " 'bert_base_cased-ptb_pos_dev_qnli_include_embeddings.hdf5_6',\n",
       " 'bert_base_cased-ptb_pos_dev_qnli_include_embeddings.hdf5_7',\n",
       " 'bert_base_cased-ptb_pos_dev_qnli_include_embeddings.hdf5_8',\n",
       " 'bert_base_cased-ptb_pos_dev_qnli_include_embeddings.hdf5_9',\n",
       " 'bert_base_cased-ptb_pos_dev_qnli_include_embeddings.hdf5_10',\n",
       " 'bert_base_cased-ptb_pos_dev_qnli_include_embeddings.hdf5_11',\n",
       " 'bert_base_cased-ptb_pos_dev_qnli_include_embeddings.hdf5_12',\n",
       " 'bert_base_cased-ptb_pos_dev_qqp_include_embeddings.hdf5_0',\n",
       " 'bert_base_cased-ptb_pos_dev_qqp_include_embeddings.hdf5_1',\n",
       " 'bert_base_cased-ptb_pos_dev_qqp_include_embeddings.hdf5_2',\n",
       " 'bert_base_cased-ptb_pos_dev_qqp_include_embeddings.hdf5_3',\n",
       " 'bert_base_cased-ptb_pos_dev_qqp_include_embeddings.hdf5_4',\n",
       " 'bert_base_cased-ptb_pos_dev_qqp_include_embeddings.hdf5_5',\n",
       " 'bert_base_cased-ptb_pos_dev_qqp_include_embeddings.hdf5_6',\n",
       " 'bert_base_cased-ptb_pos_dev_qqp_include_embeddings.hdf5_7',\n",
       " 'bert_base_cased-ptb_pos_dev_qqp_include_embeddings.hdf5_8',\n",
       " 'bert_base_cased-ptb_pos_dev_qqp_include_embeddings.hdf5_9',\n",
       " 'bert_base_cased-ptb_pos_dev_qqp_include_embeddings.hdf5_10',\n",
       " 'bert_base_cased-ptb_pos_dev_qqp_include_embeddings.hdf5_11',\n",
       " 'bert_base_cased-ptb_pos_dev_qqp_include_embeddings.hdf5_12',\n",
       " 'bert_base_cased-ptb_pos_dev_sst-2_include_embeddings.hdf5_0',\n",
       " 'bert_base_cased-ptb_pos_dev_sst-2_include_embeddings.hdf5_1',\n",
       " 'bert_base_cased-ptb_pos_dev_sst-2_include_embeddings.hdf5_2',\n",
       " 'bert_base_cased-ptb_pos_dev_sst-2_include_embeddings.hdf5_3',\n",
       " 'bert_base_cased-ptb_pos_dev_sst-2_include_embeddings.hdf5_4',\n",
       " 'bert_base_cased-ptb_pos_dev_sst-2_include_embeddings.hdf5_5',\n",
       " 'bert_base_cased-ptb_pos_dev_sst-2_include_embeddings.hdf5_6',\n",
       " 'bert_base_cased-ptb_pos_dev_sst-2_include_embeddings.hdf5_7',\n",
       " 'bert_base_cased-ptb_pos_dev_sst-2_include_embeddings.hdf5_8',\n",
       " 'bert_base_cased-ptb_pos_dev_sst-2_include_embeddings.hdf5_9',\n",
       " 'bert_base_cased-ptb_pos_dev_sst-2_include_embeddings.hdf5_10',\n",
       " 'bert_base_cased-ptb_pos_dev_sst-2_include_embeddings.hdf5_11',\n",
       " 'bert_base_cased-ptb_pos_dev_sst-2_include_embeddings.hdf5_12',\n",
       " 'bert_base_cased-ptb_pos_dev_unfine_include_embeddings.hdf5_0',\n",
       " 'bert_base_cased-ptb_pos_dev_unfine_include_embeddings.hdf5_1',\n",
       " 'bert_base_cased-ptb_pos_dev_unfine_include_embeddings.hdf5_2',\n",
       " 'bert_base_cased-ptb_pos_dev_unfine_include_embeddings.hdf5_3',\n",
       " 'bert_base_cased-ptb_pos_dev_unfine_include_embeddings.hdf5_4',\n",
       " 'bert_base_cased-ptb_pos_dev_unfine_include_embeddings.hdf5_5',\n",
       " 'bert_base_cased-ptb_pos_dev_unfine_include_embeddings.hdf5_6',\n",
       " 'bert_base_cased-ptb_pos_dev_unfine_include_embeddings.hdf5_7',\n",
       " 'bert_base_cased-ptb_pos_dev_unfine_include_embeddings.hdf5_8',\n",
       " 'bert_base_cased-ptb_pos_dev_unfine_include_embeddings.hdf5_9',\n",
       " 'bert_base_cased-ptb_pos_dev_unfine_include_embeddings.hdf5_10',\n",
       " 'bert_base_cased-ptb_pos_dev_unfine_include_embeddings.hdf5_11',\n",
       " 'bert_base_cased-ptb_pos_dev_unfine_include_embeddings.hdf5_12']"
      ]
     },
     "execution_count": 4,
     "metadata": {},
     "output_type": "execute_result"
    }
   ],
   "source": [
    "network_l"
   ]
  },
  {
   "cell_type": "markdown",
   "metadata": {},
   "source": [
    "# MaxCorr, MinCorr, MaxLinReg, MinLinReg"
   ]
  },
  {
   "cell_type": "markdown",
   "metadata": {},
   "source": [
    "### Sorts"
   ]
  },
  {
   "cell_type": "code",
   "execution_count": 5,
   "metadata": {},
   "outputs": [],
   "source": [
    "rk_methods = {\"maxcorr\", \"mincorr\", \"maxlinreg\", \"minlinreg\"}"
   ]
  },
  {
   "cell_type": "code",
   "execution_count": 6,
   "metadata": {},
   "outputs": [],
   "source": [
    "neuron_sorts = {network: {} for network in network_l}\n",
    "for network in network_l:\n",
    "    for method in rk_methods:\n",
    "        neuron_sorts[network][method] = res_d[method][\"neuron_sort\"][network]"
   ]
  },
  {
   "cell_type": "code",
   "execution_count": 7,
   "metadata": {},
   "outputs": [],
   "source": [
    "# Set `rk_ar_d`, `rk_df_d`, `spearman_d`\n",
    "rk_ar_d = {}\n",
    "rk_df_d = {}\n",
    "spearman_d = {}\n",
    "for network in network_l:\n",
    "    # rk_ar[method_ix, neuron] = rank\n",
    "    # need to invert the permutation\n",
    "    rk_ar = np.stack([\n",
    "            [neuron_sorts[network][method].index(neuron) for neuron in range(len(neuron_sorts[network][method]))]\n",
    "                      for method in rk_methods\n",
    "    ]).T\n",
    "    rk_df = pd.DataFrame(rk_ar, columns=list(rk_methods))\n",
    "    \n",
    "    rk_ar_d[network] = rk_ar\n",
    "    rk_df_d[network] = rk_df\n",
    "    spearman_d[network] = rk_df.corr()"
   ]
  },
  {
   "cell_type": "code",
   "execution_count": 8,
   "metadata": {},
   "outputs": [
    {
     "name": "stdout",
     "output_type": "stream",
     "text": [
      "bert_base_cased-ptb_pos_dev_mnli_include_embeddings.hdf5_0\n",
      "            mincorr   maxcorr  minlinreg  maxlinreg\n",
      "mincorr    1.000000  0.102642   0.278761   0.131333\n",
      "maxcorr    0.102642  1.000000   0.394246   0.786421\n",
      "minlinreg  0.278761  0.394246   1.000000   0.461015\n",
      "maxlinreg  0.131333  0.786421   0.461015   1.000000\n",
      "bert_base_cased-ptb_pos_dev_mnli_include_embeddings.hdf5_1\n",
      "            mincorr   maxcorr  minlinreg  maxlinreg\n",
      "mincorr    1.000000 -0.106539   0.364858  -0.101160\n",
      "maxcorr   -0.106539  1.000000   0.117047   0.941126\n",
      "minlinreg  0.364858  0.117047   1.000000   0.116570\n",
      "maxlinreg -0.101160  0.941126   0.116570   1.000000\n",
      "bert_base_cased-ptb_pos_dev_mnli_include_embeddings.hdf5_2\n",
      "            mincorr   maxcorr  minlinreg  maxlinreg\n",
      "mincorr    1.000000 -0.139686   0.342309  -0.128575\n",
      "maxcorr   -0.139686  1.000000   0.097493   0.968529\n",
      "minlinreg  0.342309  0.097493   1.000000   0.154233\n",
      "maxlinreg -0.128575  0.968529   0.154233   1.000000\n",
      "bert_base_cased-ptb_pos_dev_mnli_include_embeddings.hdf5_3\n",
      "            mincorr   maxcorr  minlinreg  maxlinreg\n",
      "mincorr    1.000000 -0.100128   0.337478  -0.093991\n",
      "maxcorr   -0.100128  1.000000   0.229871   0.981602\n",
      "minlinreg  0.337478  0.229871   1.000000   0.277535\n",
      "maxlinreg -0.093991  0.981602   0.277535   1.000000\n",
      "bert_base_cased-ptb_pos_dev_mnli_include_embeddings.hdf5_4\n",
      "            mincorr   maxcorr  minlinreg  maxlinreg\n",
      "mincorr    1.000000 -0.132792   0.308609  -0.105420\n",
      "maxcorr   -0.132792  1.000000   0.268464   0.968022\n",
      "minlinreg  0.308609  0.268464   1.000000   0.374688\n",
      "maxlinreg -0.105420  0.968022   0.374688   1.000000\n",
      "bert_base_cased-ptb_pos_dev_mnli_include_embeddings.hdf5_5\n",
      "            mincorr   maxcorr  minlinreg  maxlinreg\n",
      "mincorr    1.000000 -0.151862   0.374078  -0.096662\n",
      "maxcorr   -0.151862  1.000000   0.292874   0.954260\n",
      "minlinreg  0.374078  0.292874   1.000000   0.403126\n",
      "maxlinreg -0.096662  0.954260   0.403126   1.000000\n",
      "bert_base_cased-ptb_pos_dev_mnli_include_embeddings.hdf5_6\n",
      "            mincorr   maxcorr  minlinreg  maxlinreg\n",
      "mincorr    1.000000 -0.114232   0.414193  -0.083087\n",
      "maxcorr   -0.114232  1.000000   0.357650   0.943111\n",
      "minlinreg  0.414193  0.357650   1.000000   0.441283\n",
      "maxlinreg -0.083087  0.943111   0.441283   1.000000\n",
      "bert_base_cased-ptb_pos_dev_mnli_include_embeddings.hdf5_7\n",
      "            mincorr   maxcorr  minlinreg  maxlinreg\n",
      "mincorr    1.000000 -0.023475   0.425156   0.003076\n",
      "maxcorr   -0.023475  1.000000   0.401712   0.904912\n",
      "minlinreg  0.425156  0.401712   1.000000   0.492333\n",
      "maxlinreg  0.003076  0.904912   0.492333   1.000000\n",
      "bert_base_cased-ptb_pos_dev_mnli_include_embeddings.hdf5_8\n",
      "            mincorr   maxcorr  minlinreg  maxlinreg\n",
      "mincorr    1.000000  0.002632   0.388560   0.041612\n",
      "maxcorr    0.002632  1.000000   0.431726   0.815378\n",
      "minlinreg  0.388560  0.431726   1.000000   0.564104\n",
      "maxlinreg  0.041612  0.815378   0.564104   1.000000\n",
      "bert_base_cased-ptb_pos_dev_mnli_include_embeddings.hdf5_9\n",
      "            mincorr   maxcorr  minlinreg  maxlinreg\n",
      "mincorr    1.000000  0.058452   0.291333   0.138288\n",
      "maxcorr    0.058452  1.000000   0.456030   0.741147\n",
      "minlinreg  0.291333  0.456030   1.000000   0.552984\n",
      "maxlinreg  0.138288  0.741147   0.552984   1.000000\n",
      "bert_base_cased-ptb_pos_dev_mnli_include_embeddings.hdf5_10\n",
      "            mincorr   maxcorr  minlinreg  maxlinreg\n",
      "mincorr    1.000000  0.145072   0.267602   0.217084\n",
      "maxcorr    0.145072  1.000000   0.350706   0.584993\n",
      "minlinreg  0.267602  0.350706   1.000000   0.376916\n",
      "maxlinreg  0.217084  0.584993   0.376916   1.000000\n",
      "bert_base_cased-ptb_pos_dev_mnli_include_embeddings.hdf5_11\n",
      "            mincorr   maxcorr  minlinreg  maxlinreg\n",
      "mincorr    1.000000  0.061421   0.347347   0.240614\n",
      "maxcorr    0.061421  1.000000   0.159073   0.457306\n",
      "minlinreg  0.347347  0.159073   1.000000   0.199551\n",
      "maxlinreg  0.240614  0.457306   0.199551   1.000000\n",
      "bert_base_cased-ptb_pos_dev_mnli_include_embeddings.hdf5_12\n",
      "            mincorr   maxcorr  minlinreg  maxlinreg\n",
      "mincorr    1.000000  0.044618   0.497934   0.121630\n",
      "maxcorr    0.044618  1.000000   0.140763   0.440826\n",
      "minlinreg  0.497934  0.140763   1.000000   0.121743\n",
      "maxlinreg  0.121630  0.440826   0.121743   1.000000\n",
      "bert_base_cased-ptb_pos_dev_qnli_include_embeddings.hdf5_0\n",
      "            mincorr   maxcorr  minlinreg  maxlinreg\n",
      "mincorr    1.000000  0.118505   0.246837   0.140055\n",
      "maxcorr    0.118505  1.000000   0.380312   0.835223\n",
      "minlinreg  0.246837  0.380312   1.000000   0.382747\n",
      "maxlinreg  0.140055  0.835223   0.382747   1.000000\n",
      "bert_base_cased-ptb_pos_dev_qnli_include_embeddings.hdf5_1\n",
      "            mincorr   maxcorr  minlinreg  maxlinreg\n",
      "mincorr    1.000000 -0.179462   0.408304  -0.168187\n",
      "maxcorr   -0.179462  1.000000   0.055662   0.868550\n",
      "minlinreg  0.408304  0.055662   1.000000   0.114916\n",
      "maxlinreg -0.168187  0.868550   0.114916   1.000000\n",
      "bert_base_cased-ptb_pos_dev_qnli_include_embeddings.hdf5_2\n",
      "            mincorr   maxcorr  minlinreg  maxlinreg\n",
      "mincorr    1.000000 -0.200815   0.392349  -0.197040\n",
      "maxcorr   -0.200815  1.000000   0.115849   0.946879\n",
      "minlinreg  0.392349  0.115849   1.000000   0.160668\n",
      "maxlinreg -0.197040  0.946879   0.160668   1.000000\n",
      "bert_base_cased-ptb_pos_dev_qnli_include_embeddings.hdf5_3\n",
      "            mincorr   maxcorr  minlinreg  maxlinreg\n",
      "mincorr    1.000000 -0.140995   0.304794  -0.136620\n",
      "maxcorr   -0.140995  1.000000   0.256856   0.979082\n",
      "minlinreg  0.304794  0.256856   1.000000   0.311604\n",
      "maxlinreg -0.136620  0.979082   0.311604   1.000000\n",
      "bert_base_cased-ptb_pos_dev_qnli_include_embeddings.hdf5_4\n",
      "            mincorr   maxcorr  minlinreg  maxlinreg\n",
      "mincorr    1.000000 -0.123336   0.330695  -0.104412\n",
      "maxcorr   -0.123336  1.000000   0.336544   0.973085\n",
      "minlinreg  0.330695  0.336544   1.000000   0.393324\n",
      "maxlinreg -0.104412  0.973085   0.393324   1.000000\n",
      "bert_base_cased-ptb_pos_dev_qnli_include_embeddings.hdf5_5\n",
      "            mincorr   maxcorr  minlinreg  maxlinreg\n",
      "mincorr    1.000000 -0.128688   0.342973  -0.094240\n",
      "maxcorr   -0.128688  1.000000   0.282404   0.966258\n",
      "minlinreg  0.342973  0.282404   1.000000   0.384089\n",
      "maxlinreg -0.094240  0.966258   0.384089   1.000000\n",
      "bert_base_cased-ptb_pos_dev_qnli_include_embeddings.hdf5_6\n",
      "            mincorr   maxcorr  minlinreg  maxlinreg\n",
      "mincorr    1.000000 -0.034803   0.376505  -0.021482\n",
      "maxcorr   -0.034803  1.000000   0.430729   0.958765\n",
      "minlinreg  0.376505  0.430729   1.000000   0.487411\n",
      "maxlinreg -0.021482  0.958765   0.487411   1.000000\n",
      "bert_base_cased-ptb_pos_dev_qnli_include_embeddings.hdf5_7\n",
      "            mincorr   maxcorr  minlinreg  maxlinreg\n",
      "mincorr    1.000000  0.023618   0.414416   0.032012\n",
      "maxcorr    0.023618  1.000000   0.451582   0.948482\n",
      "minlinreg  0.414416  0.451582   1.000000   0.503575\n",
      "maxlinreg  0.032012  0.948482   0.503575   1.000000\n",
      "bert_base_cased-ptb_pos_dev_qnli_include_embeddings.hdf5_8\n",
      "            mincorr   maxcorr  minlinreg  maxlinreg\n",
      "mincorr    1.000000  0.032031   0.354291   0.031906\n",
      "maxcorr    0.032031  1.000000   0.462702   0.922081\n",
      "minlinreg  0.354291  0.462702   1.000000   0.537365\n",
      "maxlinreg  0.031906  0.922081   0.537365   1.000000\n",
      "bert_base_cased-ptb_pos_dev_qnli_include_embeddings.hdf5_9\n",
      "            mincorr   maxcorr  minlinreg  maxlinreg\n",
      "mincorr    1.000000  0.083996   0.413521   0.113992\n",
      "maxcorr    0.083996  1.000000   0.436280   0.820048\n",
      "minlinreg  0.413521  0.436280   1.000000   0.555713\n",
      "maxlinreg  0.113992  0.820048   0.555713   1.000000\n",
      "bert_base_cased-ptb_pos_dev_qnli_include_embeddings.hdf5_10\n",
      "            mincorr   maxcorr  minlinreg  maxlinreg\n",
      "mincorr    1.000000  0.051531   0.382507   0.093091\n",
      "maxcorr    0.051531  1.000000   0.391336   0.666989\n",
      "minlinreg  0.382507  0.391336   1.000000   0.565182\n",
      "maxlinreg  0.093091  0.666989   0.565182   1.000000\n",
      "bert_base_cased-ptb_pos_dev_qnli_include_embeddings.hdf5_11\n",
      "            mincorr   maxcorr  minlinreg  maxlinreg\n",
      "mincorr    1.000000  0.015730   0.331542   0.135409\n",
      "maxcorr    0.015730  1.000000   0.357173   0.397441\n",
      "minlinreg  0.331542  0.357173   1.000000   0.492191\n",
      "maxlinreg  0.135409  0.397441   0.492191   1.000000\n",
      "bert_base_cased-ptb_pos_dev_qnli_include_embeddings.hdf5_12\n",
      "            mincorr   maxcorr  minlinreg  maxlinreg\n",
      "mincorr    1.000000 -0.042231   0.519180   0.281054\n",
      "maxcorr   -0.042231  1.000000   0.078381   0.497477\n",
      "minlinreg  0.519180  0.078381   1.000000   0.496428\n",
      "maxlinreg  0.281054  0.497477   0.496428   1.000000\n",
      "bert_base_cased-ptb_pos_dev_qqp_include_embeddings.hdf5_0\n",
      "            mincorr   maxcorr  minlinreg  maxlinreg\n",
      "mincorr    1.000000  0.109488   0.242104   0.131727\n",
      "maxcorr    0.109488  1.000000   0.402018   0.816135\n",
      "minlinreg  0.242104  0.402018   1.000000   0.416208\n",
      "maxlinreg  0.131727  0.816135   0.416208   1.000000\n",
      "bert_base_cased-ptb_pos_dev_qqp_include_embeddings.hdf5_1\n",
      "            mincorr   maxcorr  minlinreg  maxlinreg\n",
      "mincorr    1.000000 -0.136775   0.355018  -0.167400\n",
      "maxcorr   -0.136775  1.000000   0.050293   0.840226\n",
      "minlinreg  0.355018  0.050293   1.000000   0.114926\n",
      "maxlinreg -0.167400  0.840226   0.114926   1.000000\n",
      "bert_base_cased-ptb_pos_dev_qqp_include_embeddings.hdf5_2\n",
      "            mincorr   maxcorr  minlinreg  maxlinreg\n",
      "mincorr    1.000000 -0.201464   0.369660  -0.185782\n",
      "maxcorr   -0.201464  1.000000   0.073881   0.942339\n",
      "minlinreg  0.369660  0.073881   1.000000   0.119426\n",
      "maxlinreg -0.185782  0.942339   0.119426   1.000000\n",
      "bert_base_cased-ptb_pos_dev_qqp_include_embeddings.hdf5_3\n",
      "            mincorr   maxcorr  minlinreg  maxlinreg\n",
      "mincorr    1.000000 -0.128078   0.321071  -0.119275\n",
      "maxcorr   -0.128078  1.000000   0.206581   0.974484\n",
      "minlinreg  0.321071  0.206581   1.000000   0.256328\n",
      "maxlinreg -0.119275  0.974484   0.256328   1.000000\n",
      "bert_base_cased-ptb_pos_dev_qqp_include_embeddings.hdf5_4\n",
      "            mincorr   maxcorr  minlinreg  maxlinreg\n",
      "mincorr    1.000000 -0.133165   0.251018  -0.122653\n",
      "maxcorr   -0.133165  1.000000   0.337865   0.979577\n",
      "minlinreg  0.251018  0.337865   1.000000   0.387674\n",
      "maxlinreg -0.122653  0.979577   0.387674   1.000000\n",
      "bert_base_cased-ptb_pos_dev_qqp_include_embeddings.hdf5_5\n",
      "            mincorr   maxcorr  minlinreg  maxlinreg\n",
      "mincorr    1.000000 -0.096879   0.284730  -0.080997\n",
      "maxcorr   -0.096879  1.000000   0.364936   0.982063\n",
      "minlinreg  0.284730  0.364936   1.000000   0.424320\n",
      "maxlinreg -0.080997  0.982063   0.424320   1.000000\n",
      "bert_base_cased-ptb_pos_dev_qqp_include_embeddings.hdf5_6\n",
      "            mincorr   maxcorr  minlinreg  maxlinreg\n",
      "mincorr    1.000000 -0.003218   0.333764   0.024357\n",
      "maxcorr   -0.003218  1.000000   0.464720   0.972312\n",
      "minlinreg  0.333764  0.464720   1.000000   0.546264\n",
      "maxlinreg  0.024357  0.972312   0.546264   1.000000\n",
      "bert_base_cased-ptb_pos_dev_qqp_include_embeddings.hdf5_7\n",
      "            mincorr   maxcorr  minlinreg  maxlinreg\n",
      "mincorr    1.000000  0.035689   0.313150   0.049195\n",
      "maxcorr    0.035689  1.000000   0.531331   0.965885\n",
      "minlinreg  0.313150  0.531331   1.000000   0.583796\n",
      "maxlinreg  0.049195  0.965885   0.583796   1.000000\n",
      "bert_base_cased-ptb_pos_dev_qqp_include_embeddings.hdf5_8\n",
      "            mincorr   maxcorr  minlinreg  maxlinreg\n",
      "mincorr    1.000000 -0.017394   0.329689   0.035350\n",
      "maxcorr   -0.017394  1.000000   0.429459   0.938963\n",
      "minlinreg  0.329689  0.429459   1.000000   0.524044\n",
      "maxlinreg  0.035350  0.938963   0.524044   1.000000\n",
      "bert_base_cased-ptb_pos_dev_qqp_include_embeddings.hdf5_9\n",
      "            mincorr   maxcorr  minlinreg  maxlinreg\n",
      "mincorr    1.000000  0.057102   0.325722   0.080024\n",
      "maxcorr    0.057102  1.000000   0.421259   0.871865\n",
      "minlinreg  0.325722  0.421259   1.000000   0.538642\n",
      "maxlinreg  0.080024  0.871865   0.538642   1.000000\n",
      "bert_base_cased-ptb_pos_dev_qqp_include_embeddings.hdf5_10\n",
      "            mincorr   maxcorr  minlinreg  maxlinreg\n",
      "mincorr    1.000000  0.092447   0.333856   0.110239\n",
      "maxcorr    0.092447  1.000000   0.386149   0.688479\n",
      "minlinreg  0.333856  0.386149   1.000000   0.568645\n",
      "maxlinreg  0.110239  0.688479   0.568645   1.000000\n",
      "bert_base_cased-ptb_pos_dev_qqp_include_embeddings.hdf5_11\n",
      "            mincorr   maxcorr  minlinreg  maxlinreg\n",
      "mincorr    1.000000 -0.022689   0.232115   0.160906\n",
      "maxcorr   -0.022689  1.000000   0.352946   0.558092\n",
      "minlinreg  0.232115  0.352946   1.000000   0.511297\n",
      "maxlinreg  0.160906  0.558092   0.511297   1.000000\n",
      "bert_base_cased-ptb_pos_dev_qqp_include_embeddings.hdf5_12\n",
      "            mincorr   maxcorr  minlinreg  maxlinreg\n",
      "mincorr    1.000000  0.073203   0.075492   0.126975\n",
      "maxcorr    0.073203  1.000000   0.357310   0.467353\n",
      "minlinreg  0.075492  0.357310   1.000000   0.285530\n",
      "maxlinreg  0.126975  0.467353   0.285530   1.000000\n",
      "bert_base_cased-ptb_pos_dev_sst-2_include_embeddings.hdf5_0\n",
      "            mincorr   maxcorr  minlinreg  maxlinreg\n",
      "mincorr    1.000000  0.146538   0.227574   0.151132\n",
      "maxcorr    0.146538  1.000000   0.351734   0.840166\n",
      "minlinreg  0.227574  0.351734   1.000000   0.341278\n",
      "maxlinreg  0.151132  0.840166   0.341278   1.000000\n",
      "bert_base_cased-ptb_pos_dev_sst-2_include_embeddings.hdf5_1\n",
      "            mincorr   maxcorr  minlinreg  maxlinreg\n",
      "mincorr    1.000000 -0.251941   0.430703  -0.264042\n",
      "maxcorr   -0.251941  1.000000  -0.023541   0.870599\n",
      "minlinreg  0.430703 -0.023541   1.000000   0.022650\n",
      "maxlinreg -0.264042  0.870599   0.022650   1.000000\n",
      "bert_base_cased-ptb_pos_dev_sst-2_include_embeddings.hdf5_2\n",
      "            mincorr   maxcorr  minlinreg  maxlinreg\n",
      "mincorr    1.000000 -0.255761   0.448781  -0.221911\n",
      "maxcorr   -0.255761  1.000000  -0.002366   0.932993\n",
      "minlinreg  0.448781 -0.002366   1.000000   0.061431\n",
      "maxlinreg -0.221911  0.932993   0.061431   1.000000\n",
      "bert_base_cased-ptb_pos_dev_sst-2_include_embeddings.hdf5_3\n",
      "            mincorr   maxcorr  minlinreg  maxlinreg\n",
      "mincorr    1.000000 -0.149023   0.352678  -0.161565\n",
      "maxcorr   -0.149023  1.000000   0.229025   0.955926\n",
      "minlinreg  0.352678  0.229025   1.000000   0.275211\n",
      "maxlinreg -0.161565  0.955926   0.275211   1.000000\n",
      "bert_base_cased-ptb_pos_dev_sst-2_include_embeddings.hdf5_4\n",
      "            mincorr   maxcorr  minlinreg  maxlinreg\n",
      "mincorr    1.000000 -0.082936   0.347667  -0.072170\n",
      "maxcorr   -0.082936  1.000000   0.403957   0.970254\n",
      "minlinreg  0.347667  0.403957   1.000000   0.450223\n",
      "maxlinreg -0.072170  0.970254   0.450223   1.000000\n",
      "bert_base_cased-ptb_pos_dev_sst-2_include_embeddings.hdf5_5\n",
      "            mincorr   maxcorr  minlinreg  maxlinreg\n",
      "mincorr    1.000000 -0.059746   0.552483   0.036490\n",
      "maxcorr   -0.059746  1.000000   0.342748   0.952604\n",
      "minlinreg  0.552483  0.342748   1.000000   0.467192\n",
      "maxlinreg  0.036490  0.952604   0.467192   1.000000\n",
      "bert_base_cased-ptb_pos_dev_sst-2_include_embeddings.hdf5_6\n",
      "            mincorr   maxcorr  minlinreg  maxlinreg\n",
      "mincorr    1.000000  0.116511   0.637546   0.160555\n",
      "maxcorr    0.116511  1.000000   0.477597   0.953167\n",
      "minlinreg  0.637546  0.477597   1.000000   0.569887\n",
      "maxlinreg  0.160555  0.953167   0.569887   1.000000\n",
      "bert_base_cased-ptb_pos_dev_sst-2_include_embeddings.hdf5_7\n",
      "            mincorr   maxcorr  minlinreg  maxlinreg\n",
      "mincorr    1.000000  0.275343   0.659026   0.348199\n",
      "maxcorr    0.275343  1.000000   0.590001   0.922863\n",
      "minlinreg  0.659026  0.590001   1.000000   0.694487\n",
      "maxlinreg  0.348199  0.922863   0.694487   1.000000\n",
      "bert_base_cased-ptb_pos_dev_sst-2_include_embeddings.hdf5_8\n",
      "            mincorr   maxcorr  minlinreg  maxlinreg\n",
      "mincorr    1.000000  0.320929   0.398417   0.490000\n",
      "maxcorr    0.320929  1.000000   0.645166   0.764574\n",
      "minlinreg  0.398417  0.645166   1.000000   0.625927\n",
      "maxlinreg  0.490000  0.764574   0.625927   1.000000\n",
      "bert_base_cased-ptb_pos_dev_sst-2_include_embeddings.hdf5_9\n",
      "            mincorr   maxcorr  minlinreg  maxlinreg\n",
      "mincorr    1.000000 -0.136909   0.797910  -0.279220\n",
      "maxcorr   -0.136909  1.000000  -0.076151   0.717929\n",
      "minlinreg  0.797910 -0.076151   1.000000  -0.350070\n",
      "maxlinreg -0.279220  0.717929  -0.350070   1.000000\n",
      "bert_base_cased-ptb_pos_dev_sst-2_include_embeddings.hdf5_10\n",
      "            mincorr   maxcorr  minlinreg  maxlinreg\n",
      "mincorr    1.000000 -0.394011   0.592432  -0.418772\n",
      "maxcorr   -0.394011  1.000000   0.033595   0.963509\n",
      "minlinreg  0.592432  0.033595   1.000000  -0.018730\n",
      "maxlinreg -0.418772  0.963509  -0.018730   1.000000\n",
      "bert_base_cased-ptb_pos_dev_sst-2_include_embeddings.hdf5_11\n",
      "            mincorr   maxcorr  minlinreg  maxlinreg\n",
      "mincorr    1.000000  0.383609   0.861869   0.237379\n",
      "maxcorr    0.383609  1.000000   0.601829   0.871687\n",
      "minlinreg  0.861869  0.601829   1.000000   0.456067\n",
      "maxlinreg  0.237379  0.871687   0.456067   1.000000\n",
      "bert_base_cased-ptb_pos_dev_sst-2_include_embeddings.hdf5_12\n",
      "            mincorr   maxcorr  minlinreg  maxlinreg\n",
      "mincorr    1.000000  0.204035   0.970554   0.448099\n",
      "maxcorr    0.204035  1.000000   0.263502   0.858821\n",
      "minlinreg  0.970554  0.263502   1.000000   0.513728\n",
      "maxlinreg  0.448099  0.858821   0.513728   1.000000\n",
      "bert_base_cased-ptb_pos_dev_unfine_include_embeddings.hdf5_0\n",
      "            mincorr   maxcorr  minlinreg  maxlinreg\n",
      "mincorr    1.000000  0.130157   0.236277   0.126203\n",
      "maxcorr    0.130157  1.000000   0.331773   0.835299\n",
      "minlinreg  0.236277  0.331773   1.000000   0.310312\n",
      "maxlinreg  0.126203  0.835299   0.310312   1.000000\n",
      "bert_base_cased-ptb_pos_dev_unfine_include_embeddings.hdf5_1\n",
      "            mincorr   maxcorr  minlinreg  maxlinreg\n",
      "mincorr    1.000000 -0.222089   0.413914  -0.211381\n",
      "maxcorr   -0.222089  1.000000  -0.008430   0.831162\n",
      "minlinreg  0.413914 -0.008430   1.000000   0.059940\n",
      "maxlinreg -0.211381  0.831162   0.059940   1.000000\n",
      "bert_base_cased-ptb_pos_dev_unfine_include_embeddings.hdf5_2\n",
      "            mincorr   maxcorr  minlinreg  maxlinreg\n",
      "mincorr    1.000000 -0.206003   0.377554  -0.210191\n",
      "maxcorr   -0.206003  1.000000   0.086731   0.932013\n",
      "minlinreg  0.377554  0.086731   1.000000   0.121875\n",
      "maxlinreg -0.210191  0.932013   0.121875   1.000000\n",
      "bert_base_cased-ptb_pos_dev_unfine_include_embeddings.hdf5_3\n",
      "            mincorr   maxcorr  minlinreg  maxlinreg\n",
      "mincorr    1.000000 -0.135482   0.325733  -0.134339\n",
      "maxcorr   -0.135482  1.000000   0.256989   0.977104\n",
      "minlinreg  0.325733  0.256989   1.000000   0.286794\n",
      "maxlinreg -0.134339  0.977104   0.286794   1.000000\n",
      "bert_base_cased-ptb_pos_dev_unfine_include_embeddings.hdf5_4\n",
      "            mincorr   maxcorr  minlinreg  maxlinreg\n",
      "mincorr    1.000000 -0.114211   0.303410  -0.099574\n",
      "maxcorr   -0.114211  1.000000   0.362851   0.986012\n",
      "minlinreg  0.303410  0.362851   1.000000   0.408015\n",
      "maxlinreg -0.099574  0.986012   0.408015   1.000000\n",
      "bert_base_cased-ptb_pos_dev_unfine_include_embeddings.hdf5_5\n",
      "            mincorr   maxcorr  minlinreg  maxlinreg\n",
      "mincorr    1.000000 -0.111516   0.264642  -0.095978\n",
      "maxcorr   -0.111516  1.000000   0.377207   0.982313\n",
      "minlinreg  0.264642  0.377207   1.000000   0.443164\n",
      "maxlinreg -0.095978  0.982313   0.443164   1.000000\n",
      "bert_base_cased-ptb_pos_dev_unfine_include_embeddings.hdf5_6\n",
      "            mincorr   maxcorr  minlinreg  maxlinreg\n",
      "mincorr    1.000000 -0.044262   0.251377  -0.030179\n",
      "maxcorr   -0.044262  1.000000   0.519608   0.985295\n",
      "minlinreg  0.251377  0.519608   1.000000   0.571880\n",
      "maxlinreg -0.030179  0.985295   0.571880   1.000000\n",
      "bert_base_cased-ptb_pos_dev_unfine_include_embeddings.hdf5_7\n",
      "            mincorr   maxcorr  minlinreg  maxlinreg\n",
      "mincorr    1.000000  0.011954   0.243503   0.020571\n",
      "maxcorr    0.011954  1.000000   0.574656   0.981315\n",
      "minlinreg  0.243503  0.574656   1.000000   0.612997\n",
      "maxlinreg  0.020571  0.981315   0.612997   1.000000\n",
      "bert_base_cased-ptb_pos_dev_unfine_include_embeddings.hdf5_8\n",
      "            mincorr   maxcorr  minlinreg  maxlinreg\n",
      "mincorr    1.000000  0.026341   0.246668   0.022872\n",
      "maxcorr    0.026341  1.000000   0.565835   0.971694\n",
      "minlinreg  0.246668  0.565835   1.000000   0.614325\n",
      "maxlinreg  0.022872  0.971694   0.614325   1.000000\n",
      "bert_base_cased-ptb_pos_dev_unfine_include_embeddings.hdf5_9\n",
      "            mincorr   maxcorr  minlinreg  maxlinreg\n",
      "mincorr    1.000000  0.033501   0.292702   0.037789\n",
      "maxcorr    0.033501  1.000000   0.562132   0.963455\n",
      "minlinreg  0.292702  0.562132   1.000000   0.591155\n",
      "maxlinreg  0.037789  0.963455   0.591155   1.000000\n",
      "bert_base_cased-ptb_pos_dev_unfine_include_embeddings.hdf5_10\n",
      "            mincorr   maxcorr  minlinreg  maxlinreg\n",
      "mincorr    1.000000  0.026739   0.267453   0.001916\n",
      "maxcorr    0.026739  1.000000   0.546805   0.931798\n",
      "minlinreg  0.267453  0.546805   1.000000   0.576560\n",
      "maxlinreg  0.001916  0.931798   0.576560   1.000000\n",
      "bert_base_cased-ptb_pos_dev_unfine_include_embeddings.hdf5_11\n",
      "            mincorr   maxcorr  minlinreg  maxlinreg\n",
      "mincorr    1.000000  0.041211   0.294983   0.023286\n",
      "maxcorr    0.041211  1.000000   0.496370   0.937529\n",
      "minlinreg  0.294983  0.496370   1.000000   0.517872\n",
      "maxlinreg  0.023286  0.937529   0.517872   1.000000\n",
      "bert_base_cased-ptb_pos_dev_unfine_include_embeddings.hdf5_12\n",
      "            mincorr   maxcorr  minlinreg  maxlinreg\n",
      "mincorr    1.000000 -0.012913   0.308884   0.052169\n",
      "maxcorr   -0.012913  1.000000   0.333924   0.790583\n",
      "minlinreg  0.308884  0.333924   1.000000   0.484137\n",
      "maxlinreg  0.052169  0.790583   0.484137   1.000000\n"
     ]
    }
   ],
   "source": [
    "for network in network_l:\n",
    "    print(network)\n",
    "    # print(rk_df_d[network])\n",
    "    print(spearman_d[network])"
   ]
  },
  {
   "cell_type": "markdown",
   "metadata": {},
   "source": [
    "### Distributions"
   ]
  },
  {
   "cell_type": "code",
   "execution_count": 9,
   "metadata": {},
   "outputs": [
    {
     "name": "stdout",
     "output_type": "stream",
     "text": [
      "\n",
      "\n",
      "bert_base_cased-ptb_pos_dev_mnli_include_embeddings.hdf5_0:\n",
      "\n",
      "mincorr\n",
      "\n",
      "maxcounts\n",
      "bert_base_cased-ptb_pos_dev_unfine_include_embeddings.hdf5_0    744\n",
      "bert_base_cased-ptb_pos_dev_sst-2_include_embeddings.hdf5_0      16\n",
      "bert_base_cased-ptb_pos_dev_qnli_include_embeddings.hdf5_0        5\n",
      "bert_base_cased-ptb_pos_dev_qqp_include_embeddings.hdf5_0         3\n",
      "dtype: int64\n",
      "\n",
      "mincounts\n",
      "bert_base_cased-ptb_pos_dev_sst-2_include_embeddings.hdf5_12    745\n",
      "bert_base_cased-ptb_pos_dev_sst-2_include_embeddings.hdf5_11     23\n",
      "dtype: int64\n",
      "\n",
      "corr_df_pctl\n",
      "          max       min       med\n",
      "max  1.000000  0.102644  0.122709\n",
      "min  0.102644  1.000000  0.020452\n",
      "med  0.122709  0.020452  1.000000\n",
      "\n",
      "maxcorr\n",
      "\n",
      "maxcounts\n",
      "bert_base_cased-ptb_pos_dev_unfine_include_embeddings.hdf5_0    744\n",
      "bert_base_cased-ptb_pos_dev_sst-2_include_embeddings.hdf5_0      16\n",
      "bert_base_cased-ptb_pos_dev_qnli_include_embeddings.hdf5_0        5\n",
      "bert_base_cased-ptb_pos_dev_qqp_include_embeddings.hdf5_0         3\n",
      "dtype: int64\n",
      "\n",
      "mincounts\n",
      "bert_base_cased-ptb_pos_dev_sst-2_include_embeddings.hdf5_12    745\n",
      "bert_base_cased-ptb_pos_dev_sst-2_include_embeddings.hdf5_11     23\n",
      "dtype: int64\n",
      "\n",
      "corr_df_pctl\n",
      "          max       min       med\n",
      "max  1.000000  0.102644  0.122709\n",
      "min  0.102644  1.000000  0.020452\n",
      "med  0.122709  0.020452  1.000000\n",
      "\n",
      "minlinreg\n",
      "\n",
      "maxcounts\n",
      "bert_base_cased-ptb_pos_dev_sst-2_include_embeddings.hdf5_0     326\n",
      "bert_base_cased-ptb_pos_dev_unfine_include_embeddings.hdf5_0    286\n",
      "bert_base_cased-ptb_pos_dev_qnli_include_embeddings.hdf5_0       83\n",
      "bert_base_cased-ptb_pos_dev_qqp_include_embeddings.hdf5_0        73\n",
      "dtype: int64\n",
      "\n",
      "mincounts\n",
      "bert_base_cased-ptb_pos_dev_sst-2_include_embeddings.hdf5_12    768\n",
      "dtype: int64\n",
      "\n",
      "corr_df_pctl\n",
      "          max       min       med\n",
      "max  1.000000  0.461020  0.428868\n",
      "min  0.461020  1.000000  0.699912\n",
      "med  0.428868  0.699912  1.000000\n",
      "\n",
      "maxlinreg\n",
      "\n",
      "maxcounts\n",
      "bert_base_cased-ptb_pos_dev_sst-2_include_embeddings.hdf5_0     326\n",
      "bert_base_cased-ptb_pos_dev_unfine_include_embeddings.hdf5_0    286\n",
      "bert_base_cased-ptb_pos_dev_qnli_include_embeddings.hdf5_0       83\n",
      "bert_base_cased-ptb_pos_dev_qqp_include_embeddings.hdf5_0        73\n",
      "dtype: int64\n",
      "\n",
      "mincounts\n",
      "bert_base_cased-ptb_pos_dev_sst-2_include_embeddings.hdf5_12    768\n",
      "dtype: int64\n",
      "\n",
      "corr_df_pctl\n",
      "          max       min       med\n",
      "max  1.000000  0.461020  0.428868\n",
      "min  0.461020  1.000000  0.699912\n",
      "med  0.428868  0.699912  1.000000\n",
      "\n",
      "\n",
      "bert_base_cased-ptb_pos_dev_mnli_include_embeddings.hdf5_1:\n",
      "\n",
      "mincorr\n",
      "\n",
      "maxcounts\n",
      "bert_base_cased-ptb_pos_dev_mnli_include_embeddings.hdf5_2      437\n",
      "bert_base_cased-ptb_pos_dev_unfine_include_embeddings.hdf5_1    316\n",
      "bert_base_cased-ptb_pos_dev_sst-2_include_embeddings.hdf5_1       6\n",
      "bert_base_cased-ptb_pos_dev_qnli_include_embeddings.hdf5_1        5\n",
      "bert_base_cased-ptb_pos_dev_mnli_include_embeddings.hdf5_0        3\n",
      "bert_base_cased-ptb_pos_dev_qqp_include_embeddings.hdf5_1         1\n",
      "dtype: int64\n",
      "\n",
      "mincounts\n",
      "bert_base_cased-ptb_pos_dev_sst-2_include_embeddings.hdf5_12    640\n",
      "bert_base_cased-ptb_pos_dev_sst-2_include_embeddings.hdf5_11    125\n",
      "bert_base_cased-ptb_pos_dev_mnli_include_embeddings.hdf5_12       3\n",
      "dtype: int64\n",
      "\n",
      "corr_df_pctl\n",
      "          max       min       med\n",
      "max  1.000000 -0.106539  0.850807\n",
      "min -0.106539  1.000000 -0.075036\n",
      "med  0.850807 -0.075036  1.000000\n",
      "\n",
      "maxcorr\n",
      "\n",
      "maxcounts\n",
      "bert_base_cased-ptb_pos_dev_mnli_include_embeddings.hdf5_2      437\n",
      "bert_base_cased-ptb_pos_dev_unfine_include_embeddings.hdf5_1    316\n",
      "bert_base_cased-ptb_pos_dev_sst-2_include_embeddings.hdf5_1       6\n",
      "bert_base_cased-ptb_pos_dev_qnli_include_embeddings.hdf5_1        5\n",
      "bert_base_cased-ptb_pos_dev_mnli_include_embeddings.hdf5_0        3\n",
      "bert_base_cased-ptb_pos_dev_qqp_include_embeddings.hdf5_1         1\n",
      "dtype: int64\n",
      "\n",
      "mincounts\n",
      "bert_base_cased-ptb_pos_dev_sst-2_include_embeddings.hdf5_12    640\n",
      "bert_base_cased-ptb_pos_dev_sst-2_include_embeddings.hdf5_11    125\n",
      "bert_base_cased-ptb_pos_dev_mnli_include_embeddings.hdf5_12       3\n",
      "dtype: int64\n",
      "\n",
      "corr_df_pctl\n",
      "          max       min       med\n",
      "max  1.000000 -0.106539  0.850807\n",
      "min -0.106539  1.000000 -0.075036\n",
      "med  0.850807 -0.075036  1.000000\n",
      "\n",
      "minlinreg\n",
      "\n",
      "maxcounts\n",
