{
 "cells": [
  {
   "cell_type": "markdown",
   "metadata": {},
   "source": [
    "# Summary\n",
    "- Analysis of fine-tuned models"
   ]
  },
  {
   "cell_type": "code",
   "execution_count": 4,
   "metadata": {},
   "outputs": [],
   "source": [
    "import pickle\n",
    "import matplotlib.pyplot as plt\n",
    "import numpy as np\n",
    "import pandas as pd\n",
    "from os.path import basename, dirname\n",
    "import torch\n",
    "import seaborn as sns\n",
    "from ipywidgets import FloatSlider, interactive\n",
    "import sys\n",
    "sys.path.append('..')\n",
    "from var import fname2mname, network2pair, network_sort_key"
   ]
  },
  {
   "cell_type": "code",
   "execution_count": 5,
   "metadata": {},
   "outputs": [],
   "source": [
    "# loading in them all made my machine run out of memory\n",
    "method_l = [\n",
    "     \"maxcorr\", \n",
    "     \"mincorr\", \n",
    "     \"maxlinreg\", \n",
    "     \"minlinreg\", \n",
    "    \"cca\", \n",
    "    \"lincka\", \n",
    "    # \"rbfcka\",\n",
    "]"
   ]
  },
  {
   "cell_type": "code",
   "execution_count": 6,
   "metadata": {},
   "outputs": [],
   "source": [
    "# Set `res_d`, `network_l`, `num_neurons_d`\n",
    "base = \"/data/sls/temp/belinkov/contextual-corr-analysis/repr_fine_results1_\"\n",
    "res_fname = {method : base + method for method in \n",
    "                method_l}\n",
    "\n",
    "res_d = {}\n",
    "for method in method_l:\n",
    "    with open(res_fname[method], 'rb') as f:\n",
    "        res_d[method] = pickle.load(f)\n",
    "\n",
    "network_l = [network for network in res_d[\"cca\"][\"corrs\"]]\n",
    "network_l = sorted(network_l, key=network_sort_key)\n",
    "\n",
    "num_neurons_d = {}\n",
    "for network in network_l:\n",
    "    num_neurons_d[network] = len(next(iter(res_d[\"cca\"][\"corrs\"][network].values()))) # god this is a hack"
   ]
  },
  {
   "cell_type": "code",
   "execution_count": 7,
   "metadata": {},
   "outputs": [
    {
     "data": {
      "text/plain": [
       "['bert_base_uncased-ptb_pos_dev.hdf5_0',\n",
       " 'bert_base_uncased-ptb_pos_dev.hdf5_1',\n",
       " 'bert_base_uncased-ptb_pos_dev.hdf5_2',\n",
       " 'bert_base_uncased-ptb_pos_dev.hdf5_3',\n",
       " 'bert_base_uncased-ptb_pos_dev.hdf5_4',\n",
       " 'bert_base_uncased-ptb_pos_dev.hdf5_5',\n",
       " 'bert_base_uncased-ptb_pos_dev.hdf5_6',\n",
       " 'bert_base_uncased-ptb_pos_dev.hdf5_7',\n",
       " 'bert_base_uncased-ptb_pos_dev.hdf5_8',\n",
       " 'bert_base_uncased-ptb_pos_dev.hdf5_9',\n",
       " 'bert_base_uncased-ptb_pos_dev.hdf5_10',\n",
       " 'bert_base_uncased-ptb_pos_dev.hdf5_11',\n",
       " 'bert_base_uncased-ptb_pos_dev_mnli.hdf5_0',\n",
       " 'bert_base_uncased-ptb_pos_dev_mnli.hdf5_1',\n",
       " 'bert_base_uncased-ptb_pos_dev_mnli.hdf5_2',\n",
       " 'bert_base_uncased-ptb_pos_dev_mnli.hdf5_3',\n",
       " 'bert_base_uncased-ptb_pos_dev_mnli.hdf5_4',\n",
       " 'bert_base_uncased-ptb_pos_dev_mnli.hdf5_5',\n",
       " 'bert_base_uncased-ptb_pos_dev_mnli.hdf5_6',\n",
       " 'bert_base_uncased-ptb_pos_dev_mnli.hdf5_7',\n",
       " 'bert_base_uncased-ptb_pos_dev_mnli.hdf5_8',\n",
       " 'bert_base_uncased-ptb_pos_dev_mnli.hdf5_9',\n",
       " 'bert_base_uncased-ptb_pos_dev_mnli.hdf5_10',\n",
       " 'bert_base_uncased-ptb_pos_dev_mnli.hdf5_11',\n",
       " 'bert_base_uncased-ptb_pos_dev_qnli.hdf5_0',\n",
       " 'bert_base_uncased-ptb_pos_dev_qnli.hdf5_1',\n",
       " 'bert_base_uncased-ptb_pos_dev_qnli.hdf5_2',\n",
       " 'bert_base_uncased-ptb_pos_dev_qnli.hdf5_3',\n",
       " 'bert_base_uncased-ptb_pos_dev_qnli.hdf5_4',\n",
       " 'bert_base_uncased-ptb_pos_dev_qnli.hdf5_5',\n",
       " 'bert_base_uncased-ptb_pos_dev_qnli.hdf5_6',\n",
       " 'bert_base_uncased-ptb_pos_dev_qnli.hdf5_7',\n",
       " 'bert_base_uncased-ptb_pos_dev_qnli.hdf5_8',\n",
       " 'bert_base_uncased-ptb_pos_dev_qnli.hdf5_9',\n",
       " 'bert_base_uncased-ptb_pos_dev_qnli.hdf5_10',\n",
       " 'bert_base_uncased-ptb_pos_dev_qnli.hdf5_11',\n",
       " 'bert_base_uncased-ptb_pos_dev_qqp.hdf5_0',\n",
       " 'bert_base_uncased-ptb_pos_dev_qqp.hdf5_1',\n",
       " 'bert_base_uncased-ptb_pos_dev_qqp.hdf5_2',\n",
       " 'bert_base_uncased-ptb_pos_dev_qqp.hdf5_3',\n",
       " 'bert_base_uncased-ptb_pos_dev_qqp.hdf5_4',\n",
       " 'bert_base_uncased-ptb_pos_dev_qqp.hdf5_5',\n",
       " 'bert_base_uncased-ptb_pos_dev_qqp.hdf5_6',\n",
       " 'bert_base_uncased-ptb_pos_dev_qqp.hdf5_7',\n",
       " 'bert_base_uncased-ptb_pos_dev_qqp.hdf5_8',\n",
       " 'bert_base_uncased-ptb_pos_dev_qqp.hdf5_9',\n",
       " 'bert_base_uncased-ptb_pos_dev_qqp.hdf5_10',\n",
       " 'bert_base_uncased-ptb_pos_dev_qqp.hdf5_11',\n",
       " 'bert_base_uncased-ptb_pos_dev_sst-2.hdf5_0',\n",
       " 'bert_base_uncased-ptb_pos_dev_sst-2.hdf5_1',\n",
       " 'bert_base_uncased-ptb_pos_dev_sst-2.hdf5_2',\n",
       " 'bert_base_uncased-ptb_pos_dev_sst-2.hdf5_3',\n",
       " 'bert_base_uncased-ptb_pos_dev_sst-2.hdf5_4',\n",
       " 'bert_base_uncased-ptb_pos_dev_sst-2.hdf5_5',\n",
       " 'bert_base_uncased-ptb_pos_dev_sst-2.hdf5_6',\n",
       " 'bert_base_uncased-ptb_pos_dev_sst-2.hdf5_7',\n",
       " 'bert_base_uncased-ptb_pos_dev_sst-2.hdf5_8',\n",
       " 'bert_base_uncased-ptb_pos_dev_sst-2.hdf5_9',\n",
       " 'bert_base_uncased-ptb_pos_dev_sst-2.hdf5_10',\n",
       " 'bert_base_uncased-ptb_pos_dev_sst-2.hdf5_11']"
      ]
     },
     "execution_count": 7,
     "metadata": {},
     "output_type": "execute_result"
    }
   ],
   "source": [
    "network_l"
   ]
  },
  {
   "cell_type": "markdown",
   "metadata": {},
   "source": [
    "# MaxCorr, MinCorr, MaxLinReg, MinLinReg"
   ]
  },
  {
   "cell_type": "markdown",
   "metadata": {},
   "source": [
    "### Sorts"
   ]
  },
  {
   "cell_type": "code",
   "execution_count": 8,
   "metadata": {},
   "outputs": [],
   "source": [
    "rk_methods = {\"maxcorr\", \"mincorr\", \"maxlinreg\", \"minlinreg\"}"
   ]
  },
  {
   "cell_type": "code",
   "execution_count": 9,
   "metadata": {},
   "outputs": [],
   "source": [
    "neuron_sorts = {network: {} for network in network_l}\n",
    "for network in network_l:\n",
    "    for method in rk_methods:\n",
    "        neuron_sorts[network][method] = res_d[method][\"neuron_sort\"][network]"
   ]
  },
  {
   "cell_type": "code",
   "execution_count": 10,
   "metadata": {},
   "outputs": [],
   "source": [
    "# Set `rk_ar_d`, `rk_df_d`, `spearman_d`\n",
    "rk_ar_d = {}\n",
    "rk_df_d = {}\n",
    "spearman_d = {}\n",
    "for network in network_l:\n",
    "    # rk_ar[method_ix, neuron] = rank\n",
    "    # need to invert the permutation\n",
    "    rk_ar = np.stack([\n",
    "            [neuron_sorts[network][method].index(neuron) for neuron in range(len(neuron_sorts[network][method]))]\n",
    "                      for method in rk_methods\n",
    "    ]).T\n",
    "    rk_df = pd.DataFrame(rk_ar, columns=list(rk_methods))\n",
    "    \n",
    "    rk_ar_d[network] = rk_ar\n",
    "    rk_df_d[network] = rk_df\n",
    "    spearman_d[network] = rk_df.corr()"
   ]
  },
  {
   "cell_type": "code",
   "execution_count": 11,
   "metadata": {},
   "outputs": [
    {
     "name": "stdout",
     "output_type": "stream",
     "text": [
      "bert_base_uncased-ptb_pos_dev.hdf5_0\n",
      "            maxcorr   mincorr  maxlinreg  minlinreg\n",
      "maxcorr    1.000000  0.214047   0.835308   0.338987\n",
      "mincorr    0.214047  1.000000   0.195996   0.413221\n",
      "maxlinreg  0.835308  0.195996   1.000000   0.313669\n",
      "minlinreg  0.338987  0.413221   0.313669   1.000000\n",
      "bert_base_uncased-ptb_pos_dev.hdf5_1\n",
      "            maxcorr   mincorr  maxlinreg  minlinreg\n",
      "maxcorr    1.000000 -0.177983   0.831154   0.070034\n",
      "mincorr   -0.177983  1.000000  -0.150774   0.421783\n",
      "maxlinreg  0.831154 -0.150774   1.000000   0.154694\n",
      "minlinreg  0.070034  0.421783   0.154694   1.000000\n",
      "bert_base_uncased-ptb_pos_dev.hdf5_2\n",
      "            maxcorr   mincorr  maxlinreg  minlinreg\n",
      "maxcorr    1.000000 -0.161110   0.932017   0.182813\n",
      "mincorr   -0.161110  1.000000  -0.158037   0.404584\n",
      "maxlinreg  0.932017 -0.158037   1.000000   0.225499\n",
      "minlinreg  0.182813  0.404584   0.225499   1.000000\n",
      "bert_base_uncased-ptb_pos_dev.hdf5_3\n",
      "            maxcorr   mincorr  maxlinreg  minlinreg\n",
      "maxcorr    1.000000 -0.027971   0.977104   0.356926\n",
      "mincorr   -0.027971  1.000000  -0.022824   0.394900\n",
      "maxlinreg  0.977104 -0.022824   1.000000   0.391999\n",
      "minlinreg  0.356926  0.394900   0.391999   1.000000\n",
      "bert_base_uncased-ptb_pos_dev.hdf5_4\n",
      "            maxcorr   mincorr  maxlinreg  minlinreg\n",
      "maxcorr    1.000000  0.046629   0.986013   0.447034\n",
      "mincorr    0.046629  1.000000   0.066751   0.439429\n",
      "maxlinreg  0.986013  0.066751   1.000000   0.494185\n",
      "minlinreg  0.447034  0.439429   0.494185   1.000000\n",
      "bert_base_uncased-ptb_pos_dev.hdf5_5\n",
      "            maxcorr   mincorr  maxlinreg  minlinreg\n",
      "maxcorr    1.000000  0.032609   0.982317   0.480562\n",
      "mincorr    0.032609  1.000000   0.055949   0.386196\n",
      "maxlinreg  0.982317  0.055949   1.000000   0.544875\n",
      "minlinreg  0.480562  0.386196   0.544875   1.000000\n",
      "bert_base_uncased-ptb_pos_dev.hdf5_6\n",
      "            maxcorr   mincorr  maxlinreg  minlinreg\n",
      "maxcorr    1.000000  0.102750   0.985293   0.617413\n",
      "mincorr    0.102750  1.000000   0.121776   0.333807\n",
      "maxlinreg  0.985293  0.121776   1.000000   0.667757\n",
      "minlinreg  0.617413  0.333807   0.667757   1.000000\n",
      "bert_base_uncased-ptb_pos_dev.hdf5_7\n",
      "            maxcorr   mincorr  maxlinreg  minlinreg\n",
      "maxcorr    1.000000  0.164245   0.981320   0.671777\n",
      "mincorr    0.164245  1.000000   0.175157   0.332581\n",
      "maxlinreg  0.981320  0.175157   1.000000   0.708999\n",
      "minlinreg  0.671777  0.332581   0.708999   1.000000\n",
      "bert_base_uncased-ptb_pos_dev.hdf5_8\n",
      "            maxcorr   mincorr  maxlinreg  minlinreg\n",
      "maxcorr    1.000000  0.166671   0.971704   0.655109\n",
      "mincorr    0.166671  1.000000   0.163663   0.316759\n",
      "maxlinreg  0.971704  0.163663   1.000000   0.704880\n",
      "minlinreg  0.655109  0.316759   0.704880   1.000000\n",
      "bert_base_uncased-ptb_pos_dev.hdf5_9\n",
      "            maxcorr   mincorr  maxlinreg  minlinreg\n",
      "maxcorr    1.000000  0.160405   0.963457   0.669958\n",
      "mincorr    0.160405  1.000000   0.170806   0.329908\n",
      "maxlinreg  0.963457  0.170806   1.000000   0.697798\n",
      "minlinreg  0.669958  0.329908   0.697798   1.000000\n",
      "bert_base_uncased-ptb_pos_dev.hdf5_10\n",
      "            maxcorr   mincorr  maxlinreg  minlinreg\n",
      "maxcorr    1.000000  0.169979   0.931807   0.650082\n",
      "mincorr    0.169979  1.000000   0.137699   0.311440\n",
      "maxlinreg  0.931807  0.137699   1.000000   0.684421\n",
      "minlinreg  0.650082  0.311440   0.684421   1.000000\n",
      "bert_base_uncased-ptb_pos_dev.hdf5_11\n",
      "            maxcorr   mincorr  maxlinreg  minlinreg\n",
      "maxcorr    1.000000  0.128312   0.937662   0.599938\n",
      "mincorr    0.128312  1.000000   0.101316   0.311992\n",
      "maxlinreg  0.937662  0.101316   1.000000   0.624533\n",
      "minlinreg  0.599938  0.311992   0.624533   1.000000\n",
      "bert_base_uncased-ptb_pos_dev_mnli.hdf5_0\n",
      "            maxcorr   mincorr  maxlinreg  minlinreg\n",
      "maxcorr    1.000000  0.196954   0.786422   0.405360\n",
      "mincorr    0.196954  1.000000   0.228841   0.433292\n",
      "maxlinreg  0.786422  0.228841   1.000000   0.469980\n",
      "minlinreg  0.405360  0.433292   0.469980   1.000000\n",
      "bert_base_uncased-ptb_pos_dev_mnli.hdf5_1\n",
      "            maxcorr   mincorr  maxlinreg  minlinreg\n",
      "maxcorr    1.000000 -0.053984   0.941126   0.201179\n",
      "mincorr   -0.053984  1.000000  -0.046865   0.424951\n",
      "maxlinreg  0.941126 -0.046865   1.000000   0.204050\n",
      "minlinreg  0.201179  0.424951   0.204050   1.000000\n",
      "bert_base_uncased-ptb_pos_dev_mnli.hdf5_2\n",
      "            maxcorr   mincorr  maxlinreg  minlinreg\n",
      "maxcorr    1.000000 -0.093679   0.968517   0.197419\n",
      "mincorr   -0.093679  1.000000  -0.077064   0.414629\n",
      "maxlinreg  0.968517 -0.077064   1.000000   0.257163\n",
      "minlinreg  0.197419  0.414629   0.257163   1.000000\n",
      "bert_base_uncased-ptb_pos_dev_mnli.hdf5_3\n",
      "            maxcorr   mincorr  maxlinreg  minlinreg\n",
      "maxcorr    1.000000 -0.040778   0.981602   0.325472\n",
      "mincorr   -0.040778  1.000000  -0.025380   0.395775\n",
      "maxlinreg  0.981602 -0.025380   1.000000   0.373490\n",
      "minlinreg  0.325472  0.395775   0.373490   1.000000\n",
      "bert_base_uncased-ptb_pos_dev_mnli.hdf5_4\n",
      "            maxcorr   mincorr  maxlinreg  minlinreg\n",
      "maxcorr    1.000000 -0.051836   0.968019   0.365810\n",
      "mincorr   -0.051836  1.000000  -0.005904   0.368864\n",
      "maxlinreg  0.968019 -0.005904   1.000000   0.471272\n",
      "minlinreg  0.365810  0.368864   0.471272   1.000000\n",
      "bert_base_uncased-ptb_pos_dev_mnli.hdf5_5\n",
      "            maxcorr   mincorr  maxlinreg  minlinreg\n",
      "maxcorr    1.000000 -0.089860   0.954258   0.414965\n",
      "mincorr   -0.089860  1.000000  -0.022133   0.390396\n",
      "maxlinreg  0.954258 -0.022133   1.000000   0.518865\n",
      "minlinreg  0.414965  0.390396   0.518865   1.000000\n",
      "bert_base_uncased-ptb_pos_dev_mnli.hdf5_6\n",
      "            maxcorr   mincorr  maxlinreg  minlinreg\n",
      "maxcorr    1.000000 -0.070252   0.943112   0.480020\n",
      "mincorr   -0.070252  1.000000  -0.033734   0.397415\n",
      "maxlinreg  0.943112 -0.033734   1.000000   0.559256\n",
      "minlinreg  0.480020  0.397415   0.559256   1.000000\n",
      "bert_base_uncased-ptb_pos_dev_mnli.hdf5_7\n",
      "            maxcorr   mincorr  maxlinreg  minlinreg\n",
      "maxcorr    1.000000  0.029734   0.904914   0.520707\n",
      "mincorr    0.029734  1.000000   0.061260   0.410296\n",
      "maxlinreg  0.904914  0.061260   1.000000   0.610565\n",
      "minlinreg  0.520707  0.410296   0.610565   1.000000\n",
      "bert_base_uncased-ptb_pos_dev_mnli.hdf5_8\n",
      "            maxcorr   mincorr  maxlinreg  minlinreg\n",
      "maxcorr    1.000000  0.048820   0.815379   0.568423\n",
      "mincorr    0.048820  1.000000   0.095721   0.336722\n",
      "maxlinreg  0.815379  0.095721   1.000000   0.677799\n",
      "minlinreg  0.568423  0.336722   0.677799   1.000000\n",
      "bert_base_uncased-ptb_pos_dev_mnli.hdf5_9\n",
      "            maxcorr   mincorr  maxlinreg  minlinreg\n",
      "maxcorr    1.000000  0.086527   0.741144   0.490066\n",
      "mincorr    0.086527  1.000000   0.176496   0.210189\n",
      "maxlinreg  0.741144  0.176496   1.000000   0.547616\n",
      "minlinreg  0.490066  0.210189   0.547616   1.000000\n",
      "bert_base_uncased-ptb_pos_dev_mnli.hdf5_10\n",
      "            maxcorr   mincorr  maxlinreg  minlinreg\n",
      "maxcorr    1.000000  0.155040   0.584930   0.347241\n",
      "mincorr    0.155040  1.000000   0.242897   0.293173\n",
      "maxlinreg  0.584930  0.242897   1.000000   0.357984\n",
      "minlinreg  0.347241  0.293173   0.357984   1.000000\n",
      "bert_base_uncased-ptb_pos_dev_mnli.hdf5_11\n",
      "            maxcorr   mincorr  maxlinreg  minlinreg\n",
      "maxcorr    1.000000  0.110344   0.619794   0.273500\n",
      "mincorr    0.110344  1.000000   0.237682   0.407461\n",
      "maxlinreg  0.619794  0.237682   1.000000   0.238640\n",
      "minlinreg  0.273500  0.407461   0.238640   1.000000\n",
      "bert_base_uncased-ptb_pos_dev_qnli.hdf5_0\n",
      "            maxcorr   mincorr  maxlinreg  minlinreg\n",
      "maxcorr    1.000000  0.221100   0.835222   0.391914\n",
      "mincorr    0.221100  1.000000   0.238505   0.427230\n",
      "maxlinreg  0.835222  0.238505   1.000000   0.394116\n",
      "minlinreg  0.391914  0.427230   0.394116   1.000000\n",
      "bert_base_uncased-ptb_pos_dev_qnli.hdf5_1\n",
      "            maxcorr   mincorr  maxlinreg  minlinreg\n",
      "maxcorr    1.000000 -0.148968   0.868564   0.147876\n",
      "mincorr   -0.148968  1.000000  -0.128688   0.437519\n",
      "maxlinreg  0.868564 -0.128688   1.000000   0.215714\n",
      "minlinreg  0.147876  0.437519   0.215714   1.000000\n",
      "bert_base_uncased-ptb_pos_dev_qnli.hdf5_2\n",
      "            maxcorr   mincorr  maxlinreg  minlinreg\n",
      "maxcorr    1.000000 -0.154052   0.946869   0.218039\n",
      "mincorr   -0.154052  1.000000  -0.141699   0.439170\n",
      "maxlinreg  0.946869 -0.141699   1.000000   0.266193\n",
      "minlinreg  0.218039  0.439170   0.266193   1.000000\n",
      "bert_base_uncased-ptb_pos_dev_qnli.hdf5_3\n",
      "            maxcorr   mincorr  maxlinreg  minlinreg\n",
      "maxcorr    1.000000 -0.044211   0.979085   0.359184\n",
      "mincorr   -0.044211  1.000000  -0.027901   0.373286\n",
      "maxlinreg  0.979085 -0.027901   1.000000   0.415620\n",
      "minlinreg  0.359184  0.373286   0.415620   1.000000\n",
      "bert_base_uncased-ptb_pos_dev_qnli.hdf5_4\n",
      "            maxcorr   mincorr  maxlinreg  minlinreg\n",
      "maxcorr    1.000000 -0.003607   0.973083   0.439411\n",
      "mincorr   -0.003607  1.000000   0.028535   0.421085\n",
      "maxlinreg  0.973083  0.028535   1.000000   0.494825\n",
      "minlinreg  0.439411  0.421085   0.494825   1.000000\n",
      "bert_base_uncased-ptb_pos_dev_qnli.hdf5_5\n",
      "            maxcorr   mincorr  maxlinreg  minlinreg\n",
      "maxcorr    1.000000 -0.042048   0.966257   0.402355\n",
      "mincorr   -0.042048  1.000000   0.002214   0.401471\n",
      "maxlinreg  0.966257  0.002214   1.000000   0.500452\n",
      "minlinreg  0.402355  0.401471   0.500452   1.000000\n",
      "bert_base_uncased-ptb_pos_dev_qnli.hdf5_6\n",
      "            maxcorr   mincorr  maxlinreg  minlinreg\n",
      "maxcorr    1.000000  0.053367   0.958768   0.540730\n",
      "mincorr    0.053367  1.000000   0.077208   0.418553\n",
      "maxlinreg  0.958768  0.077208   1.000000   0.598836\n",
      "minlinreg  0.540730  0.418553   0.598836   1.000000\n",
      "bert_base_uncased-ptb_pos_dev_qnli.hdf5_7\n",
      "            maxcorr   mincorr  maxlinreg  minlinreg\n",
      "maxcorr    1.000000  0.103711   0.948482   0.569372\n",
      "mincorr    0.103711  1.000000   0.124413   0.433917\n",
      "maxlinreg  0.948482  0.124413   1.000000   0.620043\n",
      "minlinreg  0.569372  0.433917   0.620043   1.000000\n",
      "bert_base_uncased-ptb_pos_dev_qnli.hdf5_8\n",
      "            maxcorr   mincorr  maxlinreg  minlinreg\n",
      "maxcorr    1.000000  0.112942   0.922077   0.577059\n",
      "mincorr    0.112942  1.000000   0.133519   0.394549\n",
      "maxlinreg  0.922077  0.133519   1.000000   0.650668\n",
      "minlinreg  0.577059  0.394549   0.650668   1.000000\n",
      "bert_base_uncased-ptb_pos_dev_qnli.hdf5_9\n",
      "            maxcorr   mincorr  maxlinreg  minlinreg\n",
      "maxcorr    1.000000  0.147768   0.820044   0.558331\n",
      "mincorr    0.147768  1.000000   0.199567   0.401733\n",
      "maxlinreg  0.820044  0.199567   1.000000   0.671254\n",
      "minlinreg  0.558331  0.401733   0.671254   1.000000\n",
      "bert_base_uncased-ptb_pos_dev_qnli.hdf5_10\n",
      "            maxcorr   mincorr  maxlinreg  minlinreg\n",
      "maxcorr    1.000000  0.126204   0.667005   0.444433\n",
      "mincorr    0.126204  1.000000   0.187918   0.314668\n",
      "maxlinreg  0.667005  0.187918   1.000000   0.609184\n",
      "minlinreg  0.444433  0.314668   0.609184   1.000000\n",
      "bert_base_uncased-ptb_pos_dev_qnli.hdf5_11\n",
      "            maxcorr   mincorr  maxlinreg  minlinreg\n",
      "maxcorr    1.000000  0.064016   0.777163   0.409946\n",
      "mincorr    0.064016  1.000000   0.142065   0.235200\n",
      "maxlinreg  0.777163  0.142065   1.000000   0.487551\n",
      "minlinreg  0.409946  0.235200   0.487551   1.000000\n",
      "bert_base_uncased-ptb_pos_dev_qqp.hdf5_0\n",
      "            maxcorr   mincorr  maxlinreg  minlinreg\n",
      "maxcorr    1.000000  0.190230   0.816135   0.408129\n",
      "mincorr    0.190230  1.000000   0.233984   0.415717\n",
      "maxlinreg  0.816135  0.233984   1.000000   0.421167\n",
      "minlinreg  0.408129  0.415717   0.421167   1.000000\n",
      "bert_base_uncased-ptb_pos_dev_qqp.hdf5_1\n",
      "            maxcorr   mincorr  maxlinreg  minlinreg\n",
      "maxcorr    1.000000 -0.101103   0.840209   0.129521\n",
      "mincorr   -0.101103  1.000000  -0.108628   0.390322\n",
      "maxlinreg  0.840209 -0.108628   1.000000   0.208863\n",
      "minlinreg  0.129521  0.390322   0.208863   1.000000\n",
      "bert_base_uncased-ptb_pos_dev_qqp.hdf5_2\n",
      "            maxcorr   mincorr  maxlinreg  minlinreg\n",
      "maxcorr    1.000000 -0.162237   0.942335   0.189351\n",
      "mincorr   -0.162237  1.000000  -0.141511   0.393375\n",
      "maxlinreg  0.942335 -0.141511   1.000000   0.239257\n",
      "minlinreg  0.189351  0.393375   0.239257   1.000000\n",
      "bert_base_uncased-ptb_pos_dev_qqp.hdf5_3\n",
      "            maxcorr   mincorr  maxlinreg  minlinreg\n",
      "maxcorr    1.000000 -0.053360   0.974485   0.326590\n",
      "mincorr   -0.053360  1.000000  -0.037820   0.377697\n",
      "maxlinreg  0.974485 -0.037820   1.000000   0.376695\n",
      "minlinreg  0.326590  0.377697   0.376695   1.000000\n",
      "bert_base_uncased-ptb_pos_dev_qqp.hdf5_4\n",
      "            maxcorr   mincorr  maxlinreg  minlinreg\n",
      "maxcorr    1.000000 -0.024131   0.979576   0.447774\n",
      "mincorr   -0.024131  1.000000  -0.002944   0.348442\n",
      "maxlinreg  0.979576 -0.002944   1.000000   0.496571\n",
      "minlinreg  0.447774  0.348442   0.496571   1.000000\n",
      "bert_base_uncased-ptb_pos_dev_qqp.hdf5_5\n",
      "            maxcorr   mincorr  maxlinreg  minlinreg\n",
      "maxcorr    1.000000  0.012677   0.982067   0.492884\n",
      "mincorr    0.012677  1.000000   0.035340   0.339567\n",
      "maxlinreg  0.982067  0.035340   1.000000   0.550371\n",
      "minlinreg  0.492884  0.339567   0.550371   1.000000\n",
      "bert_base_uncased-ptb_pos_dev_qqp.hdf5_6\n",
      "            maxcorr   mincorr  maxlinreg  minlinreg\n",
      "maxcorr    1.000000  0.102271   0.972311   0.589214\n",
      "mincorr    0.102271  1.000000   0.135974   0.398242\n",
      "maxlinreg  0.972311  0.135974   1.000000   0.664696\n",
      "minlinreg  0.589214  0.398242   0.664696   1.000000\n",
      "bert_base_uncased-ptb_pos_dev_qqp.hdf5_7\n",
      "            maxcorr   mincorr  maxlinreg  minlinreg\n",
      "maxcorr    1.000000  0.145938   0.965884   0.629700\n",
      "mincorr    0.145938  1.000000   0.167649   0.383618\n",
      "maxlinreg  0.965884  0.167649   1.000000   0.681445\n",
      "minlinreg  0.629700  0.383618   0.681445   1.000000\n",
      "bert_base_uncased-ptb_pos_dev_qqp.hdf5_8\n",
      "            maxcorr   mincorr  maxlinreg  minlinreg\n",
      "maxcorr    1.000000  0.079731   0.938970   0.533562\n",
      "mincorr    0.079731  1.000000   0.118761   0.388815\n",
      "maxlinreg  0.938970  0.118761   1.000000   0.623176\n",
      "minlinreg  0.533562  0.388815   0.623176   1.000000\n",
      "bert_base_uncased-ptb_pos_dev_qqp.hdf5_9\n",
      "            maxcorr   mincorr  maxlinreg  minlinreg\n",
      "maxcorr    1.000000  0.114970   0.871865   0.548354\n",
      "mincorr    0.114970  1.000000   0.143990   0.348373\n",
      "maxlinreg  0.871865  0.143990   1.000000   0.653246\n",
      "minlinreg  0.548354  0.348373   0.653246   1.000000\n",
      "bert_base_uncased-ptb_pos_dev_qqp.hdf5_10\n",
      "            maxcorr   mincorr  maxlinreg  minlinreg\n",
      "maxcorr    1.000000  0.149950   0.688473   0.490243\n",
      "mincorr    0.149950  1.000000   0.191294   0.321781\n",
      "maxlinreg  0.688473  0.191294   1.000000   0.626011\n",
      "minlinreg  0.490243  0.321781   0.626011   1.000000\n",
      "bert_base_uncased-ptb_pos_dev_qqp.hdf5_11\n",
      "            maxcorr   mincorr  maxlinreg  minlinreg\n",
      "maxcorr    1.000000  0.017918   0.682299   0.434156\n",
      "mincorr    0.017918  1.000000   0.106042   0.111674\n",
      "maxlinreg  0.682299  0.106042   1.000000   0.536097\n",
      "minlinreg  0.434156  0.111674   0.536097   1.000000\n",
      "bert_base_uncased-ptb_pos_dev_sst-2.hdf5_0\n",
      "            maxcorr   mincorr  maxlinreg  minlinreg\n",
      "maxcorr    1.000000  0.234566   0.840169   0.358320\n",
      "mincorr    0.234566  1.000000   0.227043   0.405068\n",
      "maxlinreg  0.840169  0.227043   1.000000   0.341116\n",
      "minlinreg  0.358320  0.405068   0.341116   1.000000\n",
      "bert_base_uncased-ptb_pos_dev_sst-2.hdf5_1\n",
      "            maxcorr   mincorr  maxlinreg  minlinreg\n",
      "maxcorr    1.000000 -0.226789   0.870599   0.069437\n",
      "mincorr   -0.226789  1.000000  -0.234985   0.422615\n",
      "maxlinreg  0.870599 -0.234985   1.000000   0.127617\n",
      "minlinreg  0.069437  0.422615   0.127617   1.000000\n",
      "bert_base_uncased-ptb_pos_dev_sst-2.hdf5_2\n",
      "            maxcorr   mincorr  maxlinreg  minlinreg\n",
      "maxcorr    1.000000 -0.209892   0.932991   0.119287\n",
      "mincorr   -0.209892  1.000000  -0.173192   0.433485\n",
      "maxlinreg  0.932991 -0.173192   1.000000   0.185506\n",
      "minlinreg  0.119287  0.433485   0.185506   1.000000\n",
      "bert_base_uncased-ptb_pos_dev_sst-2.hdf5_3\n",
      "            maxcorr   mincorr  maxlinreg  minlinreg\n",
      "maxcorr    1.000000 -0.093455   0.955922   0.340894\n",
      "mincorr   -0.093455  1.000000  -0.102547   0.324002\n",
      "maxlinreg  0.955922 -0.102547   1.000000   0.391753\n",
      "minlinreg  0.340894  0.324002   0.391753   1.000000\n",
      "bert_base_uncased-ptb_pos_dev_sst-2.hdf5_4\n",
      "            maxcorr   mincorr  maxlinreg  minlinreg\n",
      "maxcorr    1.000000 -0.016591   0.970252   0.501678\n",
      "mincorr   -0.016591  1.000000   0.002539   0.356315\n",
      "maxlinreg  0.970252  0.002539   1.000000   0.550818\n",
      "minlinreg  0.501678  0.356315   0.550818   1.000000\n",
      "bert_base_uncased-ptb_pos_dev_sst-2.hdf5_5\n",
      "            maxcorr   mincorr  maxlinreg  minlinreg\n",
      "maxcorr    1.000000 -0.000457   0.952604   0.464130\n",
      "mincorr   -0.000457  1.000000   0.093973   0.508663\n",
      "maxlinreg  0.952604  0.093973   1.000000   0.583284\n",
      "minlinreg  0.464130  0.508663   0.583284   1.000000\n",
      "bert_base_uncased-ptb_pos_dev_sst-2.hdf5_6\n",
      "            maxcorr   mincorr  maxlinreg  minlinreg\n",
      "maxcorr    1.000000  0.161931   0.953158   0.628198\n",
      "mincorr    0.161931  1.000000   0.205378   0.569933\n",
      "maxlinreg  0.953158  0.205378   1.000000   0.720645\n",
      "minlinreg  0.628198  0.569933   0.720645   1.000000\n",
      "bert_base_uncased-ptb_pos_dev_sst-2.hdf5_7\n",
      "            maxcorr   mincorr  maxlinreg  minlinreg\n",
      "maxcorr    1.000000  0.313254   0.922870   0.775602\n",
      "mincorr    0.313254  1.000000   0.390549   0.436975\n",
      "maxlinreg  0.922870  0.390549   1.000000   0.818513\n",
      "minlinreg  0.775602  0.436975   0.818513   1.000000\n",
      "bert_base_uncased-ptb_pos_dev_sst-2.hdf5_8\n",
      "            maxcorr   mincorr  maxlinreg  minlinreg\n",
      "maxcorr    1.000000  0.407367   0.764573   0.649814\n",
      "mincorr    0.407367  1.000000   0.546597   0.465639\n",
      "maxlinreg  0.764573  0.546597   1.000000   0.600732\n",
      "minlinreg  0.649814  0.465639   0.600732   1.000000\n",
      "bert_base_uncased-ptb_pos_dev_sst-2.hdf5_9\n",
      "            maxcorr   mincorr  maxlinreg  minlinreg\n",
      "maxcorr    1.000000 -0.144125   0.697586  -0.061011\n",
      "mincorr   -0.144125  1.000000  -0.320395   0.810304\n",
      "maxlinreg  0.697586 -0.320395   1.000000  -0.350093\n",
      "minlinreg -0.061011  0.810304  -0.350093   1.000000\n",
      "bert_base_uncased-ptb_pos_dev_sst-2.hdf5_10\n",
      "            maxcorr   mincorr  maxlinreg  minlinreg\n",
      "maxcorr    1.000000 -0.395610   0.954813   0.011326\n",
      "mincorr   -0.395610  1.000000  -0.420247   0.592103\n",
      "maxlinreg  0.954813 -0.420247   1.000000  -0.018713\n",
      "minlinreg  0.011326  0.592103  -0.018713   1.000000\n",
      "bert_base_uncased-ptb_pos_dev_sst-2.hdf5_11\n",
      "            maxcorr   mincorr  maxlinreg  minlinreg\n",
      "maxcorr    1.000000  0.422805   0.931191   0.646372\n",
      "mincorr    0.422805  1.000000   0.345804   0.861868\n",
      "maxlinreg  0.931191  0.345804   1.000000   0.565584\n",
      "minlinreg  0.646372  0.861868   0.565584   1.000000\n"
     ]
    }
   ],
   "source": [
    "for network in network_l:\n",
    "    print(network)\n",
    "    # print(rk_df_d[network])\n",
    "    print(spearman_d[network])"
   ]
  },
  {
   "cell_type": "markdown",
   "metadata": {},
   "source": [
    "### Distributions"
   ]
  },
  {
   "cell_type": "code",
   "execution_count": 12,
   "metadata": {},
   "outputs": [
    {
     "name": "stdout",
     "output_type": "stream",
     "text": [
      "\n",
      "\n",
      "bert_base_uncased-ptb_pos_dev.hdf5_0:\n",
      "\n",
      "maxcorr\n",
      "\n",
      "maxcounts\n",
      "bert_base_uncased-ptb_pos_dev_sst-2.hdf5_0    762\n",
      "bert_base_uncased-ptb_pos_dev_qqp.hdf5_0        5\n",
      "bert_base_uncased-ptb_pos_dev_qnli.hdf5_0       1\n",
      "dtype: int64\n",
      "\n",
      "mincounts\n",
      "bert_base_uncased-ptb_pos_dev_sst-2.hdf5_11    768\n",
      "dtype: int64\n",
      "\n",
      "corr_df_pctl\n",
      "          max       min       med\n",
      "max  1.000000  0.214055  0.090236\n",
      "min  0.214055  1.000000  0.062222\n",
      "med  0.090236  0.062222  1.000000\n",
      "\n",
      "mincorr\n",
      "\n",
      "maxcounts\n",
      "bert_base_uncased-ptb_pos_dev_sst-2.hdf5_0    762\n",
      "bert_base_uncased-ptb_pos_dev_qqp.hdf5_0        5\n",
      "bert_base_uncased-ptb_pos_dev_qnli.hdf5_0       1\n",
      "dtype: int64\n",
      "\n",
      "mincounts\n",
      "bert_base_uncased-ptb_pos_dev_sst-2.hdf5_11    768\n",
      "dtype: int64\n",
      "\n",
      "corr_df_pctl\n",
      "          max       min       med\n",
      "max  1.000000  0.214055  0.090236\n",
      "min  0.214055  1.000000  0.062222\n",
      "med  0.090236  0.062222  1.000000\n",
      "\n",
      "maxlinreg\n",
      "\n",
      "maxcounts\n",
      "bert_base_uncased-ptb_pos_dev_sst-2.hdf5_0    768\n",
      "dtype: int64\n",
      "\n",
      "mincounts\n",
      "bert_base_uncased-ptb_pos_dev_sst-2.hdf5_11    768\n",
      "dtype: int64\n",
      "\n",
      "corr_df_pctl\n",
      "          max       min       med\n",
      "max  1.000000  0.313684  0.271137\n",
      "min  0.313684  1.000000  0.654566\n",
      "med  0.271137  0.654566  1.000000\n",
      "\n",
      "minlinreg\n",
      "\n",
      "maxcounts\n",
      "bert_base_uncased-ptb_pos_dev_sst-2.hdf5_0    768\n",
      "dtype: int64\n",
      "\n",
      "mincounts\n",
      "bert_base_uncased-ptb_pos_dev_sst-2.hdf5_11    768\n",
      "dtype: int64\n",
      "\n",
      "corr_df_pctl\n",
      "          max       min       med\n",
      "max  1.000000  0.313684  0.271137\n",
      "min  0.313684  1.000000  0.654566\n",
      "med  0.271137  0.654566  1.000000\n",
      "\n",
      "\n",
      "bert_base_uncased-ptb_pos_dev.hdf5_1:\n",
      "\n",
      "maxcorr\n",
      "\n",
      "maxcounts\n",
      "bert_base_uncased-ptb_pos_dev_sst-2.hdf5_1    755\n",
      "bert_base_uncased-ptb_pos_dev_qqp.hdf5_1       12\n",
      "bert_base_uncased-ptb_pos_dev_qnli.hdf5_1       1\n",
      "dtype: int64\n",
      "\n",
      "mincounts\n",
      "bert_base_uncased-ptb_pos_dev_sst-2.hdf5_11    768\n",
      "dtype: int64\n",
      "\n",
      "corr_df_pctl\n",
      "          max       min       med\n",
      "max  1.000000 -0.177983  0.689597\n",
      "min -0.177983  1.000000 -0.122737\n",
      "med  0.689597 -0.122737  1.000000\n",
      "\n",
      "mincorr\n",
      "\n",
      "maxcounts\n",
      "bert_base_uncased-ptb_pos_dev_sst-2.hdf5_1    755\n",
      "bert_base_uncased-ptb_pos_dev_qqp.hdf5_1       12\n",
      "bert_base_uncased-ptb_pos_dev_qnli.hdf5_1       1\n",
      "dtype: int64\n",
      "\n",
      "mincounts\n",
      "bert_base_uncased-ptb_pos_dev_sst-2.hdf5_11    768\n",
      "dtype: int64\n",
      "\n",
      "corr_df_pctl\n",
      "          max       min       med\n",
      "max  1.000000 -0.177983  0.689597\n",
      "min -0.177983  1.000000 -0.122737\n",
      "med  0.689597 -0.122737  1.000000\n",
      "\n",
      "maxlinreg\n",
      "\n",
      "maxcounts\n",
      "bert_base_uncased-ptb_pos_dev_sst-2.hdf5_1    768\n",
      "dtype: int64\n",
      "\n",
      "mincounts\n",
      "bert_base_uncased-ptb_pos_dev_sst-2.hdf5_11    768\n",
      "dtype: int64\n",
      "\n",
      "corr_df_pctl\n",
      "          max       min       med\n",
      "max  1.000000  0.154693  0.833984\n",
      "min  0.154693  1.000000  0.446937\n",
      "med  0.833984  0.446937  1.000000\n",
      "\n",
      "minlinreg\n",
      "\n",
      "maxcounts\n",
      "bert_base_uncased-ptb_pos_dev_sst-2.hdf5_1    768\n",
      "dtype: int64\n",
      "\n",
      "mincounts\n",
      "bert_base_uncased-ptb_pos_dev_sst-2.hdf5_11    768\n",
      "dtype: int64\n",
      "\n",
      "corr_df_pctl\n",
      "          max       min       med\n",
      "max  1.000000  0.154693  0.833984\n",
      "min  0.154693  1.000000  0.446937\n",
      "med  0.833984  0.446937  1.000000\n",
      "\n",
      "\n",
      "bert_base_uncased-ptb_pos_dev.hdf5_2:\n",
      "\n",
      "maxcorr\n",
      "\n",
      "maxcounts\n",
      "bert_base_uncased-ptb_pos_dev_sst-2.hdf5_2    700\n",
      "bert_base_uncased-ptb_pos_dev.hdf5_3           46\n",
      "bert_base_uncased-ptb_pos_dev_qnli.hdf5_2      10\n",
      "bert_base_uncased-ptb_pos_dev_qqp.hdf5_2        7\n",
      "bert_base_uncased-ptb_pos_dev.hdf5_1            5\n",
      "dtype: int64\n",
      "\n",
      "mincounts\n",
      "bert_base_uncased-ptb_pos_dev_sst-2.hdf5_11    767\n",
      "bert_base_uncased-ptb_pos_dev_mnli.hdf5_11       1\n",
      "dtype: int64\n",
      "\n",
      "corr_df_pctl\n",
      "          max      min       med\n",
      "max  1.000000 -0.16111  0.861417\n",
      "min -0.161110  1.00000 -0.148840\n",
      "med  0.861417 -0.14884  1.000000\n",
      "\n",
      "mincorr\n",
      "\n",
      "maxcounts\n",
      "bert_base_uncased-ptb_pos_dev_sst-2.hdf5_2    700\n",
      "bert_base_uncased-ptb_pos_dev.hdf5_3           46\n",
      "bert_base_uncased-ptb_pos_dev_qnli.hdf5_2      10\n",
      "bert_base_uncased-ptb_pos_dev_qqp.hdf5_2        7\n",
      "bert_base_uncased-ptb_pos_dev.hdf5_1            5\n",
      "dtype: int64\n",
      "\n",
      "mincounts\n",
      "bert_base_uncased-ptb_pos_dev_sst-2.hdf5_11    767\n",
      "bert_base_uncased-ptb_pos_dev_mnli.hdf5_11       1\n",
      "dtype: int64\n",
      "\n",
      "corr_df_pctl\n",
      "          max      min       med\n",
      "max  1.000000 -0.16111  0.861417\n",
      "min -0.161110  1.00000 -0.148840\n",
      "med  0.861417 -0.14884  1.000000\n",
      "\n",
      "maxlinreg\n",
      "\n",
      "maxcounts\n",
      "bert_base_uncased-ptb_pos_dev_sst-2.hdf5_2    756\n",
      "bert_base_uncased-ptb_pos_dev.hdf5_3           12\n",
      "dtype: int64\n",
      "\n",
      "mincounts\n",
      "bert_base_uncased-ptb_pos_dev_sst-2.hdf5_11    768\n",
      "dtype: int64\n",
      "\n",
      "corr_df_pctl\n",
      "          max       min       med\n",
      "max  1.000000  0.225494  0.943951\n",
      "min  0.225494  1.000000  0.386814\n",
      "med  0.943951  0.386814  1.000000\n",
      "\n",
      "minlinreg\n",
      "\n",
      "maxcounts\n",
      "bert_base_uncased-ptb_pos_dev_sst-2.hdf5_2    756\n",
      "bert_base_uncased-ptb_pos_dev.hdf5_3           12\n",
      "dtype: int64\n",
      "\n",
      "mincounts\n",
      "bert_base_uncased-ptb_pos_dev_sst-2.hdf5_11    768\n",
      "dtype: int64\n",
      "\n",
      "corr_df_pctl\n",
      "          max       min       med\n",
      "max  1.000000  0.225494  0.943951\n",
      "min  0.225494  1.000000  0.386814\n",
      "med  0.943951  0.386814  1.000000\n",
      "\n",
      "\n",
      "bert_base_uncased-ptb_pos_dev.hdf5_3:\n",
      "\n",
      "maxcorr\n",
      "\n",
      "maxcounts\n",
      "bert_base_uncased-ptb_pos_dev_sst-2.hdf5_3    394\n",
      "bert_base_uncased-ptb_pos_dev.hdf5_2          315\n",
      "bert_base_uncased-ptb_pos_dev.hdf5_4           58\n",
      "bert_base_uncased-ptb_pos_dev_qnli.hdf5_3       1\n",
      "dtype: int64\n",
      "\n",
      "mincounts\n",
      "bert_base_uncased-ptb_pos_dev_sst-2.hdf5_11    767\n",
      "bert_base_uncased-ptb_pos_dev_sst-2.hdf5_10      1\n",
      "dtype: int64\n",
      "\n",
      "corr_df_pctl\n",
      "          max       min       med\n",
      "max  1.000000 -0.027971  0.939541\n",
      "min -0.027971  1.000000 -0.031800\n",
      "med  0.939541 -0.031800  1.000000\n",
      "\n",
      "mincorr\n",
      "\n",
      "maxcounts\n",
      "bert_base_uncased-ptb_pos_dev_sst-2.hdf5_3    394\n",
      "bert_base_uncased-ptb_pos_dev.hdf5_2          315\n",
      "bert_base_uncased-ptb_pos_dev.hdf5_4           58\n",
      "bert_base_uncased-ptb_pos_dev_qnli.hdf5_3       1\n",
      "dtype: int64\n",
      "\n",
      "mincounts\n",
      "bert_base_uncased-ptb_pos_dev_sst-2.hdf5_11    767\n",
      "bert_base_uncased-ptb_pos_dev_sst-2.hdf5_10      1\n",
      "dtype: int64\n",
      "\n",
      "corr_df_pctl\n",
      "          max       min       med\n",
      "max  1.000000 -0.027971  0.939541\n",
      "min -0.027971  1.000000 -0.031800\n",
      "med  0.939541 -0.031800  1.000000\n",
      "\n",
      "maxlinreg\n",
      "\n",
      "maxcounts\n",
      "bert_base_uncased-ptb_pos_dev_sst-2.hdf5_3    580\n",
      "bert_base_uncased-ptb_pos_dev.hdf5_4          152\n",
      "bert_base_uncased-ptb_pos_dev.hdf5_2           36\n",
      "dtype: int64\n",
      "\n",
      "mincounts\n",
      "bert_base_uncased-ptb_pos_dev_sst-2.hdf5_11    768\n",
      "dtype: int64\n",
      "\n",
      "corr_df_pctl\n",
      "          max       min       med\n",
      "max  1.000000  0.391999  0.979250\n",
      "min  0.391999  1.000000  0.448629\n",
      "med  0.979250  0.448629  1.000000\n",
      "\n",
      "minlinreg\n",
      "\n",
      "maxcounts\n",
      "bert_base_uncased-ptb_pos_dev_sst-2.hdf5_3    580\n",
      "bert_base_uncased-ptb_pos_dev.hdf5_4          152\n",
      "bert_base_uncased-ptb_pos_dev.hdf5_2           36\n",
      "dtype: int64\n",
      "\n",
      "mincounts\n",
      "bert_base_uncased-ptb_pos_dev_sst-2.hdf5_11    768\n",
      "dtype: int64\n",
      "\n",
      "corr_df_pctl\n",
      "          max       min       med\n",
      "max  1.000000  0.391999  0.979250\n",
      "min  0.391999  1.000000  0.448629\n",
      "med  0.979250  0.448629  1.000000\n",
      "\n",
      "\n",
      "bert_base_uncased-ptb_pos_dev.hdf5_4:\n",
      "\n",
      "maxcorr\n",
      "\n",
      "maxcounts\n",
      "bert_base_uncased-ptb_pos_dev.hdf5_3          572\n",
