{
 "cells": [
  {
   "cell_type": "code",
   "execution_count": 1,
   "metadata": {},
   "outputs": [],
   "source": [
    "import pickle\n",
    "import matplotlib.pyplot as plt\n",
    "import numpy as np\n",
    "import pandas as pd\n",
    "from os.path import basename, dirname\n",
    "import torch\n",
    "import seaborn as sns\n",
    "from ipywidgets import FloatSlider, interactive"
   ]
  },
  {
   "cell_type": "code",
   "execution_count": 2,
   "metadata": {},
   "outputs": [],
   "source": [
    "method_l = [\n",
    "    \"maxcorr\", \n",
    "    \"mincorr\", \n",
    "    \"maxlinreg\", \n",
    "    \"minlinreg\", \n",
    "    \"cca\", \n",
    "    \"lincka\", \n",
    "    # \"rbfcka\",\n",
    "]"
   ]
  },
  {
   "cell_type": "code",
   "execution_count": 3,
   "metadata": {},
   "outputs": [],
   "source": [
    "# Set `res_d`, `network_l`, `num_neurons_d`\n",
    "base = \"/data/sls/temp/johnmwu/contextual-corr-analysis/results8_\"\n",
    "res_fname = {method : base + method for method in \n",
    "                method_l}\n",
    "\n",
    "res_d = {}\n",
    "for method in method_l:\n",
    "    with open(res_fname[method], 'rb') as f:\n",
    "        res_d[method] = pickle.load(f)\n",
    "\n",
    "network_l = [network for network in res_d[\"maxcorr\"][\"corrs\"]]\n",
    "\n",
    "num_neurons_d = {}\n",
    "for network in network_l:\n",
    "    num_neurons_d[network] = len(next(iter(res_d[\"maxcorr\"][\"corrs\"][network].values()))) # god this is a hack"
   ]
  },
  {
   "cell_type": "markdown",
   "metadata": {},
   "source": [
    "# MaxCorr, MinCorr, MaxLinReg, MinLinReg"
   ]
  },
  {
   "cell_type": "markdown",
   "metadata": {},
   "source": [
    "### Sorts"
   ]
  },
  {
   "cell_type": "code",
   "execution_count": 4,
   "metadata": {},
   "outputs": [],
   "source": [
    "rk_methods = {\"maxcorr\", \"mincorr\", \"maxlinreg\", \"minlinreg\"}"
   ]
  },
  {
   "cell_type": "code",
   "execution_count": 5,
   "metadata": {},
   "outputs": [],
   "source": [
    "neuron_sorts = {network: {} for network in network_l}\n",
    "for network in network_l:\n",
    "    for method in rk_methods:\n",
    "        neuron_sorts[network][method] = res_d[method][\"neuron_sort\"][network]"
   ]
  },
  {
   "cell_type": "code",
   "execution_count": 6,
   "metadata": {},
   "outputs": [],
   "source": [
    "# Set `rk_ar_d`, `rk_df_d`, `spearman_d`\n",
    "rk_ar_d = {}\n",
    "rk_df_d = {}\n",
    "spearman_d = {}\n",
    "for network in network_l:\n",
    "    # rk_ar[method_ix, neuron] = rank\n",
    "    # need to invert the permutation\n",
    "    rk_ar = np.stack([\n",
    "            [neuron_sorts[network][method].index(neuron) for neuron in range(len(neuron_sorts[network][method]))]\n",
    "                      for method in rk_methods\n",
    "    ]).T\n",
    "    rk_df = pd.DataFrame(rk_ar, columns=list(rk_methods))\n",
    "    \n",
    "    rk_ar_d[network] = rk_ar\n",
    "    rk_df_d[network] = rk_df\n",
    "    spearman_d[network] = rk_df.corr()"
   ]
  },
  {
   "cell_type": "code",
   "execution_count": 7,
   "metadata": {},
   "outputs": [
    {
     "name": "stdout",
     "output_type": "stream",
     "text": [
      "bert_large_cased_0\n",
      "            maxcorr   mincorr  maxlinreg  minlinreg\n",
      "maxcorr    1.000000 -0.265463   0.648543  -0.205262\n",
      "mincorr   -0.265463  1.000000   0.176683   0.841959\n",
      "maxlinreg  0.648543  0.176683   1.000000   0.267479\n",
      "minlinreg -0.205262  0.841959   0.267479   1.000000\n",
      "bert_large_cased_1\n",
      "            maxcorr   mincorr  maxlinreg  minlinreg\n",
      "maxcorr    1.000000 -0.017500   0.966645   0.214578\n",
      "mincorr   -0.017500  1.000000   0.035135   0.745353\n",
      "maxlinreg  0.966645  0.035135   1.000000   0.277683\n",
      "minlinreg  0.214578  0.745353   0.277683   1.000000\n",
      "bert_large_cased_2\n",
      "            maxcorr   mincorr  maxlinreg  minlinreg\n",
      "maxcorr    1.000000  0.115626   0.977872   0.433956\n",
      "mincorr    0.115626  1.000000   0.131451   0.741138\n",
      "maxlinreg  0.977872  0.131451   1.000000   0.450647\n",
      "minlinreg  0.433956  0.741138   0.450647   1.000000\n",
      "bert_large_cased_3\n",
      "            maxcorr   mincorr  maxlinreg  minlinreg\n",
      "maxcorr    1.000000  0.098159   0.980597   0.347944\n",
      "mincorr    0.098159  1.000000   0.121334   0.799723\n",
      "maxlinreg  0.980597  0.121334   1.000000   0.375833\n",
      "minlinreg  0.347944  0.799723   0.375833   1.000000\n",
      "bert_large_cased_4\n",
      "            maxcorr   mincorr  maxlinreg  minlinreg\n",
      "maxcorr    1.000000  0.129540   0.992001   0.388614\n",
      "mincorr    0.129540  1.000000   0.154009   0.781793\n",
      "maxlinreg  0.992001  0.154009   1.000000   0.415615\n",
      "minlinreg  0.388614  0.781793   0.415615   1.000000\n",
      "bert_large_cased_5\n",
      "            maxcorr   mincorr  maxlinreg  minlinreg\n",
      "maxcorr    1.000000  0.207540   0.993976   0.490186\n",
      "mincorr    0.207540  1.000000   0.220580   0.745673\n",
      "maxlinreg  0.993976  0.220580   1.000000   0.508258\n",
      "minlinreg  0.490186  0.745673   0.508258   1.000000\n",
      "bert_large_cased_6\n",
      "            maxcorr   mincorr  maxlinreg  minlinreg\n",
      "maxcorr    1.000000  0.230978   0.994861   0.540470\n",
      "mincorr    0.230978  1.000000   0.247680   0.728480\n",
      "maxlinreg  0.994861  0.247680   1.000000   0.557477\n",
      "minlinreg  0.540470  0.728480   0.557477   1.000000\n",
      "bert_large_cased_7\n",
      "            maxcorr   mincorr  maxlinreg  minlinreg\n",
      "maxcorr    1.000000  0.231224   0.992131   0.557383\n",
      "mincorr    0.231224  1.000000   0.249393   0.718896\n",
      "maxlinreg  0.992131  0.249393   1.000000   0.578077\n",
      "minlinreg  0.557383  0.718896   0.578077   1.000000\n",
      "bert_large_cased_8\n",
      "            maxcorr   mincorr  maxlinreg  minlinreg\n",
      "maxcorr    1.000000  0.297936   0.994160   0.598535\n",
      "mincorr    0.297936  1.000000   0.309966   0.734669\n",
      "maxlinreg  0.994160  0.309966   1.000000   0.611407\n",
      "minlinreg  0.598535  0.734669   0.611407   1.000000\n",
      "bert_large_cased_9\n",
      "            maxcorr   mincorr  maxlinreg  minlinreg\n",
      "maxcorr    1.000000  0.301103   0.995789   0.599308\n",
      "mincorr    0.301103  1.000000   0.318455   0.752871\n",
      "maxlinreg  0.995789  0.318455   1.000000   0.615812\n",
      "minlinreg  0.599308  0.752871   0.615812   1.000000\n",
      "bert_large_cased_10\n",
      "            maxcorr   mincorr  maxlinreg  minlinreg\n",
      "maxcorr    1.000000  0.289010   0.995034   0.617488\n",
      "mincorr    0.289010  1.000000   0.304124   0.742734\n",
      "maxlinreg  0.995034  0.304124   1.000000   0.636728\n",
      "minlinreg  0.617488  0.742734   0.636728   1.000000\n",
      "bert_large_cased_11\n",
      "            maxcorr   mincorr  maxlinreg  minlinreg\n",
      "maxcorr    1.000000  0.348149   0.992976   0.666375\n",
      "mincorr    0.348149  1.000000   0.368152   0.746764\n",
      "maxlinreg  0.992976  0.368152   1.000000   0.686041\n",
      "minlinreg  0.666375  0.746764   0.686041   1.000000\n",
      "bert_large_cased_12\n",
      "            maxcorr   mincorr  maxlinreg  minlinreg\n",
      "maxcorr    1.000000  0.410627   0.993597   0.721510\n",
      "mincorr    0.410627  1.000000   0.431735   0.744358\n",
      "maxlinreg  0.993597  0.431735   1.000000   0.738894\n",
      "minlinreg  0.721510  0.744358   0.738894   1.000000\n",
      "bert_large_cased_13\n",
      "            maxcorr   mincorr  maxlinreg  minlinreg\n",
      "maxcorr    1.000000  0.492013   0.994309   0.814775\n",
      "mincorr    0.492013  1.000000   0.506836   0.739878\n",
      "maxlinreg  0.994309  0.506836   1.000000   0.828221\n",
      "minlinreg  0.814775  0.739878   0.828221   1.000000\n",
      "bert_large_cased_14\n",
      "            maxcorr   mincorr  maxlinreg  minlinreg\n",
      "maxcorr    1.000000  0.520541   0.993226   0.857968\n",
      "mincorr    0.520541  1.000000   0.542636   0.739109\n",
      "maxlinreg  0.993226  0.542636   1.000000   0.870055\n",
      "minlinreg  0.857968  0.739109   0.870055   1.000000\n",
      "bert_large_cased_15\n",
      "            maxcorr   mincorr  maxlinreg  minlinreg\n",
      "maxcorr    1.000000  0.579378   0.996461   0.868846\n",
      "mincorr    0.579378  1.000000   0.586229   0.765100\n",
      "maxlinreg  0.996461  0.586229   1.000000   0.876035\n",
      "minlinreg  0.868846  0.765100   0.876035   1.000000\n",
      "bert_large_cased_16\n",
      "            maxcorr   mincorr  maxlinreg  minlinreg\n",
      "maxcorr    1.000000  0.540286   0.991677   0.848186\n",
      "mincorr    0.540286  1.000000   0.566480   0.765997\n",
      "maxlinreg  0.991677  0.566480   1.000000   0.862771\n",
      "minlinreg  0.848186  0.765997   0.862771   1.000000\n",
      "bert_large_cased_17\n",
      "            maxcorr   mincorr  maxlinreg  minlinreg\n",
      "maxcorr    1.000000  0.518954   0.990577   0.840007\n",
      "mincorr    0.518954  1.000000   0.543881   0.744895\n",
      "maxlinreg  0.990577  0.543881   1.000000   0.857927\n",
      "minlinreg  0.840007  0.744895   0.857927   1.000000\n",
      "bert_large_cased_18\n",
      "            maxcorr   mincorr  maxlinreg  minlinreg\n",
      "maxcorr    1.000000  0.532736   0.990434   0.832921\n",
      "mincorr    0.532736  1.000000   0.543819   0.766187\n",
      "maxlinreg  0.990434  0.543819   1.000000   0.840921\n",
      "minlinreg  0.832921  0.766187   0.840921   1.000000\n",
      "bert_large_cased_19\n",
      "            maxcorr   mincorr  maxlinreg  minlinreg\n",
      "maxcorr    1.000000  0.505725   0.984028   0.805720\n",
      "mincorr    0.505725  1.000000   0.524973   0.766470\n",
      "maxlinreg  0.984028  0.524973   1.000000   0.820218\n",
      "minlinreg  0.805720  0.766470   0.820218   1.000000\n",
      "bert_large_cased_20\n",
      "            maxcorr   mincorr  maxlinreg  minlinreg\n",
      "maxcorr    1.000000  0.435216   0.967039   0.737145\n",
      "mincorr    0.435216  1.000000   0.484397   0.769344\n",
      "maxlinreg  0.967039  0.484397   1.000000   0.782211\n",
      "minlinreg  0.737145  0.769344   0.782211   1.000000\n",
      "bert_large_cased_21\n",
      "            maxcorr   mincorr  maxlinreg  minlinreg\n",
      "maxcorr    1.000000  0.432320   0.935763   0.699236\n",
      "mincorr    0.432320  1.000000   0.488364   0.779717\n",
      "maxlinreg  0.935763  0.488364   1.000000   0.757236\n",
      "minlinreg  0.699236  0.779717   0.757236   1.000000\n",
      "bert_large_cased_22\n",
      "            maxcorr   mincorr  maxlinreg  minlinreg\n",
      "maxcorr    1.000000  0.430024   0.926067   0.680088\n",
      "mincorr    0.430024  1.000000   0.502739   0.791955\n",
      "maxlinreg  0.926067  0.502739   1.000000   0.749669\n",
      "minlinreg  0.680088  0.791955   0.749669   1.000000\n",
      "bert_large_cased_23\n",
      "            maxcorr   mincorr  maxlinreg  minlinreg\n",
      "maxcorr    1.000000  0.344954   0.799489   0.561466\n",
      "mincorr    0.344954  1.000000   0.481870   0.754586\n",
      "maxlinreg  0.799489  0.481870   1.000000   0.748796\n",
      "minlinreg  0.561466  0.754586   0.748796   1.000000\n",
      "bert_large_cased_24\n",
      "            maxcorr   mincorr  maxlinreg  minlinreg\n",
      "maxcorr    1.000000 -0.169809   0.179403  -0.058634\n",
      "mincorr   -0.169809  1.000000   0.519697   0.806377\n",
      "maxlinreg  0.179403  0.519697   1.000000   0.724942\n",
      "minlinreg -0.058634  0.806377   0.724942   1.000000\n",
      "openai_transformer_0\n",
      "            maxcorr   mincorr  maxlinreg  minlinreg\n",
      "maxcorr    1.000000 -0.170864   0.687351  -0.130963\n",
      "mincorr   -0.170864  1.000000   0.171708   0.844321\n",
      "maxlinreg  0.687351  0.171708   1.000000   0.292332\n",
      "minlinreg -0.130963  0.844321   0.292332   1.000000\n",
      "openai_transformer_1\n",
      "            maxcorr   mincorr  maxlinreg  minlinreg\n",
      "maxcorr    1.000000  0.068334   0.927198   0.202317\n",
      "mincorr    0.068334  1.000000   0.225261   0.850858\n",
      "maxlinreg  0.927198  0.225261   1.000000   0.367266\n",
      "minlinreg  0.202317  0.850858   0.367266   1.000000\n",
      "openai_transformer_2\n",
      "            maxcorr   mincorr  maxlinreg  minlinreg\n",
      "maxcorr    1.000000  0.382688   0.983548   0.681436\n",
      "mincorr    0.382688  1.000000   0.423609   0.782302\n",
      "maxlinreg  0.983548  0.423609   1.000000   0.722331\n",
      "minlinreg  0.681436  0.782302   0.722331   1.000000\n",
      "openai_transformer_3\n",
      "            maxcorr   mincorr  maxlinreg  minlinreg\n",
      "maxcorr    1.000000  0.554485   0.993427   0.812259\n",
      "mincorr    0.554485  1.000000   0.574133   0.823976\n",
      "maxlinreg  0.993427  0.574133   1.000000   0.832590\n",
      "minlinreg  0.812259  0.823976   0.832590   1.000000\n",
      "openai_transformer_4\n",
      "            maxcorr   mincorr  maxlinreg  minlinreg\n",
      "maxcorr    1.000000  0.664006   0.997082   0.882772\n",
      "mincorr    0.664006  1.000000   0.675202   0.856302\n",
      "maxlinreg  0.997082  0.675202   1.000000   0.893587\n",
      "minlinreg  0.882772  0.856302   0.893587   1.000000\n",
      "openai_transformer_5\n",
      "            maxcorr   mincorr  maxlinreg  minlinreg\n",
      "maxcorr    1.000000  0.713407   0.997602   0.915919\n",
      "mincorr    0.713407  1.000000   0.721005   0.858060\n",
      "maxlinreg  0.997602  0.721005   1.000000   0.921692\n",
      "minlinreg  0.915919  0.858060   0.921692   1.000000\n",
      "openai_transformer_6\n",
      "            maxcorr   mincorr  maxlinreg  minlinreg\n",
      "maxcorr    1.000000  0.742120   0.996284   0.936715\n",
      "mincorr    0.742120  1.000000   0.758779   0.864747\n",
      "maxlinreg  0.996284  0.758779   1.000000   0.943580\n",
      "minlinreg  0.936715  0.864747   0.943580   1.000000\n",
      "openai_transformer_7\n",
      "            maxcorr   mincorr  maxlinreg  minlinreg\n",
      "maxcorr    1.000000  0.719339   0.994646   0.934607\n",
      "mincorr    0.719339  1.000000   0.733668   0.841599\n",
      "maxlinreg  0.994646  0.733668   1.000000   0.944965\n",
      "minlinreg  0.934607  0.841599   0.944965   1.000000\n",
      "openai_transformer_8\n",
      "            maxcorr   mincorr  maxlinreg  minlinreg\n",
      "maxcorr    1.000000  0.690921   0.996678   0.931567\n",
      "mincorr    0.690921  1.000000   0.702172   0.814905\n",
      "maxlinreg  0.996678  0.702172   1.000000   0.936912\n",
      "minlinreg  0.931567  0.814905   0.936912   1.000000\n",
      "openai_transformer_9\n",
      "            maxcorr   mincorr  maxlinreg  minlinreg\n",
      "maxcorr    1.000000  0.655720   0.994544   0.913352\n",
      "mincorr    0.655720  1.000000   0.669243   0.791647\n",
      "maxlinreg  0.994544  0.669243   1.000000   0.922385\n",
      "minlinreg  0.913352  0.791647   0.922385   1.000000\n",
      "openai_transformer_10\n",
      "            maxcorr   mincorr  maxlinreg  minlinreg\n",
      "maxcorr    1.000000  0.585508   0.988140   0.861069\n",
      "mincorr    0.585508  1.000000   0.613262   0.774117\n",
      "maxlinreg  0.988140  0.613262   1.000000   0.879745\n",
      "minlinreg  0.861069  0.774117   0.879745   1.000000\n",
      "openai_transformer_11\n",
      "            maxcorr   mincorr  maxlinreg  minlinreg\n",
      "maxcorr    1.000000  0.506387   0.949711   0.764356\n",
      "mincorr    0.506387  1.000000   0.580413   0.775490\n",
      "maxlinreg  0.949711  0.580413   1.000000   0.816216\n",
      "minlinreg  0.764356  0.775490   0.816216   1.000000\n",
      "openai_transformer_12\n",
      "            maxcorr   mincorr  maxlinreg  minlinreg\n",
      "maxcorr    1.000000  0.254841   0.739773   0.344020\n",
      "mincorr    0.254841  1.000000   0.516713   0.814364\n",
      "maxlinreg  0.739773  0.516713   1.000000   0.646945\n",
      "minlinreg  0.344020  0.814364   0.646945   1.000000\n",
      "bert_base_cased_0\n",
      "            maxcorr   mincorr  maxlinreg  minlinreg\n",
      "maxcorr    1.000000 -0.260917   0.484381  -0.168852\n",
      "mincorr   -0.260917  1.000000   0.186037   0.785490\n",
      "maxlinreg  0.484381  0.186037   1.000000   0.227799\n",
      "minlinreg -0.168852  0.785490   0.227799   1.000000\n",
      "bert_base_cased_1\n",
      "            maxcorr   mincorr  maxlinreg  minlinreg\n",
      "maxcorr    1.000000  0.096019   0.892146   0.243687\n",
      "mincorr    0.096019  1.000000   0.192829   0.762769\n",
      "maxlinreg  0.892146  0.192829   1.000000   0.355841\n",
      "minlinreg  0.243687  0.762769   0.355841   1.000000\n",
      "bert_base_cased_2\n",
      "            maxcorr   mincorr  maxlinreg  minlinreg\n",
      "maxcorr    1.000000  0.208650   0.973121   0.381587\n",
      "mincorr    0.208650  1.000000   0.264804   0.770655\n",
      "maxlinreg  0.973121  0.264804   1.000000   0.450146\n",
      "minlinreg  0.381587  0.770655   0.450146   1.000000\n",
      "bert_base_cased_3\n",
      "            maxcorr   mincorr  maxlinreg  minlinreg\n",
      "maxcorr    1.000000  0.234507   0.983993   0.483269\n",
      "mincorr    0.234507  1.000000   0.260101   0.733945\n",
      "maxlinreg  0.983993  0.260101   1.000000   0.509091\n",
      "minlinreg  0.483269  0.733945   0.509091   1.000000\n",
      "bert_base_cased_4\n",
      "            maxcorr   mincorr  maxlinreg  minlinreg\n",
      "maxcorr    1.000000  0.302913   0.982135   0.524939\n",
      "mincorr    0.302913  1.000000   0.313706   0.730858\n",
      "maxlinreg  0.982135  0.313706   1.000000   0.539055\n",
      "minlinreg  0.524939  0.730858   0.539055   1.000000\n",
      "bert_base_cased_5\n",
      "            maxcorr   mincorr  maxlinreg  minlinreg\n",
      "maxcorr    1.000000  0.365812   0.983433   0.590566\n",
      "mincorr    0.365812  1.000000   0.386821   0.733922\n",
      "maxlinreg  0.983433  0.386821   1.000000   0.609994\n",
      "minlinreg  0.590566  0.733922   0.609994   1.000000\n",
      "bert_base_cased_6\n",
      "            maxcorr   mincorr  maxlinreg  minlinreg\n",
      "maxcorr    1.000000  0.421047   0.981775   0.683991\n",
      "mincorr    0.421047  1.000000   0.463808   0.710880\n",
      "maxlinreg  0.981775  0.463808   1.000000   0.711331\n",
      "minlinreg  0.683991  0.710880   0.711331   1.000000\n",
      "bert_base_cased_7\n",
      "            maxcorr   mincorr  maxlinreg  minlinreg\n",
      "maxcorr    1.000000  0.469082   0.979777   0.750508\n",
      "mincorr    0.469082  1.000000   0.496599   0.678752\n",
      "maxlinreg  0.979777  0.496599   1.000000   0.778359\n",
      "minlinreg  0.750508  0.678752   0.778359   1.000000\n",
      "bert_base_cased_8\n",
      "            maxcorr   mincorr  maxlinreg  minlinreg\n",
      "maxcorr    1.000000  0.474738   0.982614   0.768270\n",
      "mincorr    0.474738  1.000000   0.501087   0.689950\n",
      "maxlinreg  0.982614  0.501087   1.000000   0.791252\n",
      "minlinreg  0.768270  0.689950   0.791252   1.000000\n",
      "bert_base_cased_9\n",
      "            maxcorr   mincorr  maxlinreg  minlinreg\n",
      "maxcorr    1.000000  0.491624   0.967000   0.764846\n",
      "mincorr    0.491624  1.000000   0.521811   0.719420\n",
      "maxlinreg  0.967000  0.521811   1.000000   0.781179\n",
      "minlinreg  0.764846  0.719420   0.781179   1.000000\n",
      "bert_base_cased_10\n",
      "            maxcorr   mincorr  maxlinreg  minlinreg\n",
      "maxcorr    1.000000  0.462171   0.927176   0.715847\n",
      "mincorr    0.462171  1.000000   0.513884   0.728415\n",
      "maxlinreg  0.927176  0.513884   1.000000   0.769565\n",
      "minlinreg  0.715847  0.728415   0.769565   1.000000\n",
      "bert_base_cased_11\n",
      "            maxcorr   mincorr  maxlinreg  minlinreg\n",
      "maxcorr    1.000000  0.397415   0.890234   0.630257\n",
      "mincorr    0.397415  1.000000   0.507357   0.731410\n",
      "maxlinreg  0.890234  0.507357   1.000000   0.748751\n",
      "minlinreg  0.630257  0.731410   0.748751   1.000000\n",
      "bert_base_cased_12\n",
      "            maxcorr   mincorr  maxlinreg  minlinreg\n",
      "maxcorr    1.000000 -0.009430   0.307811  -0.032461\n",
      "mincorr   -0.009430  1.000000   0.417138   0.695344\n",
      "maxlinreg  0.307811  0.417138   1.000000   0.700292\n",
      "minlinreg -0.032461  0.695344   0.700292   1.000000\n",
      "elmo_original_0\n",
      "            maxcorr  mincorr  maxlinreg  minlinreg\n",
      "maxcorr    1.000000  0.76074   0.678609   0.793208\n",
      "mincorr    0.760740  1.00000   0.658540   0.810580\n",
      "maxlinreg  0.678609  0.65854   1.000000   0.822910\n",
      "minlinreg  0.793208  0.81058   0.822910   1.000000\n",
      "elmo_original_1\n",
      "            maxcorr   mincorr  maxlinreg  minlinreg\n",
      "maxcorr    1.000000  0.415171   0.661459   0.379810\n",
      "mincorr    0.415171  1.000000   0.744701   0.818651\n",
      "maxlinreg  0.661459  0.744701   1.000000   0.779635\n",
      "minlinreg  0.379810  0.818651   0.779635   1.000000\n",
      "elmo_original_2\n",
      "            maxcorr   mincorr  maxlinreg  minlinreg\n",
      "maxcorr    1.000000  0.555807   0.743798   0.629422\n",
      "mincorr    0.555807  1.000000   0.769012   0.851514\n",
      "maxlinreg  0.743798  0.769012   1.000000   0.824902\n",
      "minlinreg  0.629422  0.851514   0.824902   1.000000\n",
      "calypso_transformer_6_512_base_0\n",
      "            maxcorr   mincorr  maxlinreg  minlinreg\n",
      "maxcorr    1.000000  0.015354   0.803427   0.061792\n",
      "mincorr    0.015354  1.000000   0.158686   0.875348\n",
      "maxlinreg  0.803427  0.158686   1.000000   0.212890\n",
      "minlinreg  0.061792  0.875348   0.212890   1.000000\n",
      "calypso_transformer_6_512_base_1\n",
      "            maxcorr   mincorr  maxlinreg  minlinreg\n",
      "maxcorr    1.000000  0.302652   0.703019   0.456891\n",
      "mincorr    0.302652  1.000000   0.446283   0.753086\n",
      "maxlinreg  0.703019  0.446283   1.000000   0.606883\n",
      "minlinreg  0.456891  0.753086   0.606883   1.000000\n",
      "calypso_transformer_6_512_base_2\n",
      "            maxcorr   mincorr  maxlinreg  minlinreg\n",
      "maxcorr    1.000000  0.222612   0.873683   0.265192\n",
      "mincorr    0.222612  1.000000   0.300230   0.709970\n",
      "maxlinreg  0.873683  0.300230   1.000000   0.373502\n",
      "minlinreg  0.265192  0.709970   0.373502   1.000000\n",
      "calypso_transformer_6_512_base_3\n",
      "            maxcorr   mincorr  maxlinreg  minlinreg\n",
      "maxcorr    1.000000  0.229730   0.923833   0.230770\n",
      "mincorr    0.229730  1.000000   0.334629   0.725194\n",
      "maxlinreg  0.923833  0.334629   1.000000   0.318177\n",
      "minlinreg  0.230770  0.725194   0.318177   1.000000\n",
      "calypso_transformer_6_512_base_4\n",
      "            maxcorr   mincorr  maxlinreg  minlinreg\n",
      "maxcorr    1.000000  0.269209   0.896539   0.200154\n",
      "mincorr    0.269209  1.000000   0.385356   0.726604\n",
      "maxlinreg  0.896539  0.385356   1.000000   0.297993\n",
      "minlinreg  0.200154  0.726604   0.297993   1.000000\n",
      "calypso_transformer_6_512_base_5\n",
      "            maxcorr   mincorr  maxlinreg  minlinreg\n",
      "maxcorr    1.000000  0.253794   0.712184   0.238562\n",
      "mincorr    0.253794  1.000000   0.402134   0.750292\n",
      "maxlinreg  0.712184  0.402134   1.000000   0.267248\n",
      "minlinreg  0.238562  0.750292   0.267248   1.000000\n",
      "calypso_transformer_6_512_base_6\n",
      "            maxcorr   mincorr  maxlinreg  minlinreg\n",
      "maxcorr    1.000000  0.197365   0.606356   0.202456\n",
      "mincorr    0.197365  1.000000   0.556899   0.752874\n",
      "maxlinreg  0.606356  0.556899   1.000000   0.395393\n",
      "minlinreg  0.202456  0.752874   0.395393   1.000000\n",
      "elmo_4x4096_512_0\n",
      "            maxcorr   mincorr  maxlinreg  minlinreg\n",
      "maxcorr    1.000000  0.822440   0.692349   0.785704\n",
      "mincorr    0.822440  1.000000   0.651399   0.788971\n",
      "maxlinreg  0.692349  0.651399   1.000000   0.895827\n",
      "minlinreg  0.785704  0.788971   0.895827   1.000000\n",
      "elmo_4x4096_512_1\n",
      "            maxcorr   mincorr  maxlinreg  minlinreg\n",
      "maxcorr    1.000000  0.263402   0.536635   0.134895\n",
      "mincorr    0.263402  1.000000   0.716096   0.798048\n",
      "maxlinreg  0.536635  0.716096   1.000000   0.672510\n",
      "minlinreg  0.134895  0.798048   0.672510   1.000000\n",
      "elmo_4x4096_512_2\n",
      "            maxcorr   mincorr  maxlinreg  minlinreg\n",
      "maxcorr    1.000000  0.434122   0.628322   0.340816\n",
      "mincorr    0.434122  1.000000   0.705975   0.798823\n",
      "maxlinreg  0.628322  0.705975   1.000000   0.688973\n",
      "minlinreg  0.340816  0.798823   0.688973   1.000000\n",
      "elmo_4x4096_512_3\n",
      "            maxcorr   mincorr  maxlinreg  minlinreg\n",
      "maxcorr    1.000000  0.497379   0.764097   0.519179\n",
      "mincorr    0.497379  1.000000   0.714512   0.835220\n",
      "maxlinreg  0.764097  0.714512   1.000000   0.797945\n",
      "minlinreg  0.519179  0.835220   0.797945   1.000000\n",
      "elmo_4x4096_512_4\n",
      "            maxcorr   mincorr  maxlinreg  minlinreg\n",
      "maxcorr    1.000000  0.517038   0.782942   0.559428\n",
      "mincorr    0.517038  1.000000   0.729541   0.826501\n",
      "maxlinreg  0.782942  0.729541   1.000000   0.768402\n",
      "minlinreg  0.559428  0.826501   0.768402   1.000000\n",
      "xlnet_large_cased_0\n",
      "            maxcorr   mincorr  maxlinreg  minlinreg\n",
      "maxcorr    1.000000 -0.324200   0.530144  -0.250036\n",
      "mincorr   -0.324200  1.000000   0.088784   0.797861\n",
      "maxlinreg  0.530144  0.088784   1.000000   0.171717\n",
      "minlinreg -0.250036  0.797861   0.171717   1.000000\n",
      "xlnet_large_cased_1\n",
      "            maxcorr   mincorr  maxlinreg  minlinreg\n",
      "maxcorr    1.000000 -0.055120   0.801908   0.074726\n",
      "mincorr   -0.055120  1.000000  -0.086222   0.758756\n",
      "maxlinreg  0.801908 -0.086222   1.000000   0.083840\n",
      "minlinreg  0.074726  0.758756   0.083840   1.000000\n",
      "xlnet_large_cased_2\n",
      "            maxcorr   mincorr  maxlinreg  minlinreg\n",
      "maxcorr    1.000000  0.120700   0.935603   0.302955\n",
      "mincorr    0.120700  1.000000   0.211251   0.793429\n",
      "maxlinreg  0.935603  0.211251   1.000000   0.418850\n",
      "minlinreg  0.302955  0.793429   0.418850   1.000000\n",
      "xlnet_large_cased_3\n",
      "            maxcorr   mincorr  maxlinreg  minlinreg\n",
      "maxcorr    1.000000  0.210891   0.962690   0.408416\n",
      "mincorr    0.210891  1.000000   0.259835   0.795682\n",
      "maxlinreg  0.962690  0.259835   1.000000   0.465425\n",
      "minlinreg  0.408416  0.795682   0.465425   1.000000\n",
      "xlnet_large_cased_4\n",
      "            maxcorr   mincorr  maxlinreg  minlinreg\n",
      "maxcorr    1.000000  0.290463   0.953122   0.606560\n",
      "mincorr    0.290463  1.000000   0.369032   0.756277\n",
      "maxlinreg  0.953122  0.369032   1.000000   0.671845\n",
      "minlinreg  0.606560  0.756277   0.671845   1.000000\n",
      "xlnet_large_cased_5\n",
      "            maxcorr   mincorr  maxlinreg  minlinreg\n",
      "maxcorr    1.000000  0.382702   0.968396   0.744600\n",
      "mincorr    0.382702  1.000000   0.425504   0.742373\n",
      "maxlinreg  0.968396  0.425504   1.000000   0.772145\n",
      "minlinreg  0.744600  0.742373   0.772145   1.000000\n",
      "xlnet_large_cased_6\n",
      "            maxcorr   mincorr  maxlinreg  minlinreg\n",
      "maxcorr    1.000000  0.454123   0.978750   0.829227\n",
      "mincorr    0.454123  1.000000   0.473257   0.730606\n",
      "maxlinreg  0.978750  0.473257   1.000000   0.841853\n",
      "minlinreg  0.829227  0.730606   0.841853   1.000000\n",
      "xlnet_large_cased_7\n",
      "            maxcorr   mincorr  maxlinreg  minlinreg\n",
      "maxcorr    1.000000  0.460543   0.978393   0.824278\n",
      "mincorr    0.460543  1.000000   0.490327   0.715835\n",
      "maxlinreg  0.978393  0.490327   1.000000   0.852448\n",
      "minlinreg  0.824278  0.715835   0.852448   1.000000\n",
      "xlnet_large_cased_8\n",
      "            maxcorr   mincorr  maxlinreg  minlinreg\n",
      "maxcorr    1.000000  0.485957   0.982297   0.845438\n",
      "mincorr    0.485957  1.000000   0.508283   0.720326\n",
      "maxlinreg  0.982297  0.508283   1.000000   0.864639\n",
      "minlinreg  0.845438  0.720326   0.864639   1.000000\n",
      "xlnet_large_cased_9\n",
      "            maxcorr   mincorr  maxlinreg  minlinreg\n",
      "maxcorr    1.000000  0.457137   0.983411   0.842423\n",
      "mincorr    0.457137  1.000000   0.489593   0.725752\n",
      "maxlinreg  0.983411  0.489593   1.000000   0.865501\n",
      "minlinreg  0.842423  0.725752   0.865501   1.000000\n",
      "xlnet_large_cased_10\n",
      "            maxcorr   mincorr  maxlinreg  minlinreg\n",
      "maxcorr    1.000000  0.499730   0.983019   0.857661\n",
      "mincorr    0.499730  1.000000   0.531284   0.743538\n",
      "maxlinreg  0.983019  0.531284   1.000000   0.875778\n",
      "minlinreg  0.857661  0.743538   0.875778   1.000000\n",
      "xlnet_large_cased_11\n",
      "            maxcorr   mincorr  maxlinreg  minlinreg\n",
      "maxcorr    1.000000  0.514807   0.989144   0.867251\n",
      "mincorr    0.514807  1.000000   0.525932   0.747520\n",
      "maxlinreg  0.989144  0.525932   1.000000   0.873539\n",
      "minlinreg  0.867251  0.747520   0.873539   1.000000\n",
      "xlnet_large_cased_12\n",
      "            maxcorr   mincorr  maxlinreg  minlinreg\n",
      "maxcorr    1.000000  0.511288   0.981569   0.861541\n",
      "mincorr    0.511288  1.000000   0.537283   0.746526\n",
      "maxlinreg  0.981569  0.537283   1.000000   0.874048\n",
      "minlinreg  0.861541  0.746526   0.874048   1.000000\n",
      "xlnet_large_cased_13\n",
      "            maxcorr   mincorr  maxlinreg  minlinreg\n",
      "maxcorr    1.000000  0.542704   0.981749   0.858402\n",
      "mincorr    0.542704  1.000000   0.566205   0.776845\n",
      "maxlinreg  0.981749  0.566205   1.000000   0.876959\n",
      "minlinreg  0.858402  0.776845   0.876959   1.000000\n",
      "xlnet_large_cased_14\n",
      "            maxcorr   mincorr  maxlinreg  minlinreg\n",
      "maxcorr    1.000000  0.553569   0.979680   0.848546\n",
      "mincorr    0.553569  1.000000   0.567199   0.785886\n",
      "maxlinreg  0.979680  0.567199   1.000000   0.864912\n",
      "minlinreg  0.848546  0.785886   0.864912   1.000000\n",
      "xlnet_large_cased_15\n",
      "            maxcorr   mincorr  maxlinreg  minlinreg\n",
      "maxcorr    1.000000  0.563912   0.978385   0.856168\n",
      "mincorr    0.563912  1.000000   0.575276   0.784389\n",
      "maxlinreg  0.978385  0.575276   1.000000   0.860895\n",
      "minlinreg  0.856168  0.784389   0.860895   1.000000\n",
      "xlnet_large_cased_16\n",
      "            maxcorr   mincorr  maxlinreg  minlinreg\n",
      "maxcorr    1.000000  0.555974   0.979422   0.844104\n",
      "mincorr    0.555974  1.000000   0.569760   0.793065\n",
      "maxlinreg  0.979422  0.569760   1.000000   0.850878\n",
      "minlinreg  0.844104  0.793065   0.850878   1.000000\n",
      "xlnet_large_cased_17\n",
      "            maxcorr   mincorr  maxlinreg  minlinreg\n",
      "maxcorr    1.000000  0.514229   0.966603   0.789414\n",
      "mincorr    0.514229  1.000000   0.549601   0.804267\n",
      "maxlinreg  0.966603  0.549601   1.000000   0.821712\n",
      "minlinreg  0.789414  0.804267   0.821712   1.000000\n",
      "xlnet_large_cased_18\n",
      "            maxcorr   mincorr  maxlinreg  minlinreg\n",
      "maxcorr    1.000000  0.530399   0.962455   0.783327\n",
      "mincorr    0.530399  1.000000   0.543208   0.806174\n",
      "maxlinreg  0.962455  0.543208   1.000000   0.801103\n",
      "minlinreg  0.783327  0.806174   0.801103   1.000000\n",
      "xlnet_large_cased_19\n",
      "            maxcorr   mincorr  maxlinreg  minlinreg\n",
      "maxcorr    1.000000  0.492077   0.952966   0.735349\n",
      "mincorr    0.492077  1.000000   0.533646   0.804751\n",
      "maxlinreg  0.952966  0.533646   1.000000   0.772381\n",
      "minlinreg  0.735349  0.804751   0.772381   1.000000\n",
      "xlnet_large_cased_20\n",
      "            maxcorr   mincorr  maxlinreg  minlinreg\n",
      "maxcorr    1.000000  0.490462   0.943049   0.736192\n",
      "mincorr    0.490462  1.000000   0.520836   0.810645\n",
      "maxlinreg  0.943049  0.520836   1.000000   0.750302\n",
      "minlinreg  0.736192  0.810645   0.750302   1.000000\n",
      "xlnet_large_cased_21\n",
      "            maxcorr   mincorr  maxlinreg  minlinreg\n",
      "maxcorr    1.000000  0.415705   0.887006   0.634768\n",
      "mincorr    0.415705  1.000000   0.521626   0.816412\n",
      "maxlinreg  0.887006  0.521626   1.000000   0.724376\n",
      "minlinreg  0.634768  0.816412   0.724376   1.000000\n",
      "xlnet_large_cased_22\n",
      "            maxcorr   mincorr  maxlinreg  minlinreg\n",
      "maxcorr    1.000000  0.335525   0.758244   0.501811\n",
      "mincorr    0.335525  1.000000   0.504164   0.828200\n",
      "maxlinreg  0.758244  0.504164   1.000000   0.683392\n",
      "minlinreg  0.501811  0.828200   0.683392   1.000000\n",
      "xlnet_large_cased_23\n",
      "            maxcorr   mincorr  maxlinreg  minlinreg\n",
      "maxcorr    1.000000  0.309493   0.704954   0.453372\n",
      "mincorr    0.309493  1.000000   0.424578   0.803167\n",
      "maxlinreg  0.704954  0.424578   1.000000   0.616026\n",
      "minlinreg  0.453372  0.803167   0.616026   1.000000\n"
     ]
    }
   ],
   "source": [
    "for network in network_l:\n",
    "    print(network)\n",
    "    # print(rk_df_d[network])\n",
    "    print(spearman_d[network])"
   ]
  },
  {
   "cell_type": "markdown",
   "metadata": {},
   "source": [
    "### Distributions"
   ]
  },
  {
   "cell_type": "code",
   "execution_count": 8,
   "metadata": {},
   "outputs": [
    {
     "name": "stdout",
     "output_type": "stream",
     "text": [
      "\n",
      "\n",
      "bert_large_cased_0:\n",
      "\n",
      "maxcorr\n",
      "\n",
      "maxcounts\n",
      "bert_large_cased_1                  981\n",
      "bert_base_cased_0                    40\n",
      "calypso_transformer_6_512_base_0      2\n",
      "openai_transformer_2                  1\n",
      "dtype: int64\n",
      "\n",
      "mincounts\n",
      "xlnet_large_cased_23    687\n",
      "elmo_4x4096_512_2        67\n",
      "xlnet_large_cased_20     50\n",
      "xlnet_large_cased_22     34\n",
      "xlnet_large_cased_16     32\n",
      "xlnet_large_cased_19     26\n",
      "xlnet_large_cased_21     20\n",
      "xlnet_large_cased_18     19\n",
      "xlnet_large_cased_17     19\n",
      "xlnet_large_cased_15     18\n",
      "elmo_4x4096_512_3         9\n",
      "xlnet_large_cased_13      9\n",
      "xlnet_large_cased_14      4\n",
      "xlnet_large_cased_12      3\n",
      "bert_base_cased_8         3\n",
      "xlnet_large_cased_3       2\n",
      "bert_base_cased_12        2\n",
      "xlnet_large_cased_9       2\n",
      "xlnet_large_cased_7       2\n",
      "bert_large_cased_19       2\n",
      "xlnet_large_cased_1       2\n",
      "elmo_4x4096_512_4         2\n",
      "bert_large_cased_18       2\n",
      "xlnet_large_cased_4       1\n",
      "xlnet_large_cased_5       1\n",
      "bert_large_cased_21       1\n",
      "elmo_original_2           1\n",
      "bert_large_cased_22       1\n",
      "xlnet_large_cased_11      1\n",
      "elmo_4x4096_512_1         1\n",
      "bert_large_cased_24       1\n",
      "dtype: int64\n",
      "\n",
      "corr_df_pctl\n",
      "          max       min       med\n",
      "max  1.000000 -0.265469 -0.202565\n",
      "min -0.265469  1.000000  0.867466\n",
      "med -0.202565  0.867466  1.000000\n",
      "\n",
      "mincorr\n",
      "\n",
      "maxcounts\n",
      "bert_large_cased_1                  981\n",
      "bert_base_cased_0                    40\n",
      "calypso_transformer_6_512_base_0      2\n",
      "openai_transformer_2                  1\n",
      "dtype: int64\n",
      "\n",
      "mincounts\n",
      "xlnet_large_cased_23    687\n",
      "elmo_4x4096_512_2        67\n",
      "xlnet_large_cased_20     50\n",
      "xlnet_large_cased_22     34\n",
      "xlnet_large_cased_16     32\n",
      "xlnet_large_cased_19     26\n",
      "xlnet_large_cased_21     20\n",
      "xlnet_large_cased_18     19\n",
      "xlnet_large_cased_17     19\n",
      "xlnet_large_cased_15     18\n",
      "elmo_4x4096_512_3         9\n",
      "xlnet_large_cased_13      9\n",
      "xlnet_large_cased_14      4\n",
      "xlnet_large_cased_12      3\n",
      "bert_base_cased_8         3\n",
      "xlnet_large_cased_3       2\n",
      "bert_base_cased_12        2\n",
      "xlnet_large_cased_9       2\n",
      "xlnet_large_cased_7       2\n",
      "bert_large_cased_19       2\n",
      "xlnet_large_cased_1       2\n",
      "elmo_4x4096_512_4         2\n",
      "bert_large_cased_18       2\n",
      "xlnet_large_cased_4       1\n",
      "xlnet_large_cased_5       1\n",
      "bert_large_cased_21       1\n",
      "elmo_original_2           1\n",
      "bert_large_cased_22       1\n",
      "xlnet_large_cased_11      1\n",
      "elmo_4x4096_512_1         1\n",
      "bert_large_cased_24       1\n",
      "dtype: int64\n",
      "\n",
      "corr_df_pctl\n",
      "          max       min       med\n",
      "max  1.000000 -0.265456 -0.202565\n",
      "min -0.265456  1.000000  0.867471\n",
      "med -0.202565  0.867471  1.000000\n",
      "\n",
      "maxlinreg\n",
      "\n",
      "maxcounts\n",
      "bert_large_cased_1    1021\n",
      "bert_base_cased_0        3\n",
      "dtype: int64\n",
      "\n",
      "mincounts\n",
      "xlnet_large_cased_23     1011\n",
      "xlnet_large_cased_0         8\n",
      "openai_transformer_12       4\n",
      "elmo_original_0             1\n",
      "dtype: int64\n",
      "\n",
      "corr_df_pctl\n",
      "          max       min       med\n",
      "max  1.000000  0.267475  0.391249\n",
      "min  0.267475  1.000000  0.936376\n",
      "med  0.391249  0.936376  1.000000\n",
      "\n",
      "minlinreg\n",
      "\n",
      "maxcounts\n",
      "bert_large_cased_1    1021\n",
      "bert_base_cased_0        3\n",
      "dtype: int64\n",
      "\n",
      "mincounts\n",
      "xlnet_large_cased_23     1011\n",
      "xlnet_large_cased_0         8\n",
      "openai_transformer_12       4\n",
      "elmo_original_0             1\n",
      "dtype: int64\n",
      "\n",
      "corr_df_pctl\n",
      "          max       min       med\n",
      "max  1.000000  0.267475  0.391249\n",
      "min  0.267475  1.000000  0.936376\n",
      "med  0.391249  0.936376  1.000000\n",
      "\n",
      "\n",
      "bert_large_cased_1:\n",
      "\n",
      "maxcorr\n",
      "\n",
      "maxcounts\n",
      "bert_large_cased_2    954\n",
      "bert_large_cased_0     70\n",
      "dtype: int64\n",
      "\n",
      "mincounts\n",
      "xlnet_large_cased_23                625\n",
